   0.149492E+12   0.602144E+10   0.697113E+09   0.136900E+10   0.106555E+09   0.309777E+08   0.639059E+08   0.397199E+08   0.138747E+09
   0.602144E+10   0.652526E+11   0.701230E+09   0.137819E+10   0.108714E+09   0.329330E+08   0.976632E+08   0.349313E+08   0.142146E+09
   0.697113E+09   0.701230E+09   0.160996E+10   0.288548E+09   0.229742E+08   0.728807E+07   0.236254E+08   0.807377E+07   0.244433E+08
   0.136900E+10   0.137819E+10   0.288548E+09   0.869328E+10   0.684981E+08   0.214682E+08   0.730028E+08   0.258065E+08   0.822218E+08
   0.106555E+09   0.108714E+09   0.229742E+08   0.684981E+08   0.867866E+08   0.288382E+07   0.956736E+07   0.349760E+07   0.114137E+08
   0.309777E+08   0.329330E+08   0.728807E+07   0.214682E+08   0.288382E+07   0.146471E+08   0.535773E+07   0.202814E+07   0.698646E+07
   0.639059E+08   0.976632E+08   0.236254E+08   0.730028E+08   0.956736E+07   0.535773E+07   0.191775E+09   0.108765E+08   0.336247E+08
   0.397199E+08   0.349313E+08   0.807377E+07   0.258065E+08   0.349760E+07   0.202814E+07   0.108765E+08   0.358107E+08   0.199399E+08
   0.138747E+09   0.142146E+09   0.244433E+08   0.822218E+08   0.114137E+08   0.698646E+07   0.336247E+08   0.199399E+08   0.296491E+09
