   0.173814E+11   0.299200E+09   0.201684E+09   0.173952E+09   0.689897E+08   0.880851E+08   0.433473E+08   0.432645E+08   0.710409E+08
   0.299200E+09   0.464664E+10   0.153516E+09   0.137678E+09   0.551270E+08   0.717012E+08   0.337015E+08   0.346673E+08   0.574938E+08
   0.201684E+09   0.153516E+09   0.326310E+10   0.148767E+09   0.642908E+08   0.836556E+08   0.376042E+08   0.397773E+08   0.659903E+08
   0.173952E+09   0.137678E+09   0.148767E+09   0.353406E+10   0.839561E+08   0.115070E+09   0.500888E+08   0.527714E+08   0.887853E+08
   0.689897E+08   0.551270E+08   0.642908E+08   0.839561E+08   0.948751E+09   0.738025E+08   0.332293E+08   0.346951E+08   0.572816E+08
   0.880851E+08   0.717012E+08   0.836556E+08   0.115070E+09   0.738025E+08   0.202360E+10   0.330915E+08   0.499152E+08   0.860944E+08
   0.433473E+08   0.337015E+08   0.376042E+08   0.500888E+08   0.332293E+08   0.330915E+08   0.399906E+09   0.240748E+08   0.447561E+08
   0.432645E+08   0.346673E+08   0.397773E+08   0.527714E+08   0.346951E+08   0.499152E+08   0.240748E+08   0.544732E+09   0.720276E+08
   0.710409E+08   0.574938E+08   0.659903E+08   0.887853E+08   0.572816E+08   0.860944E+08   0.447561E+08   0.720276E+08   0.139494E+10
