   0.253277E+10   0.177521E+09   0.360122E+09   0.383832E+09   0.181833E+09   0.362408E+08   0.236264E+08   0.796326E+07   0.200012E+08
   0.177521E+09   0.655906E+11   0.369402E+09   0.227334E+10   0.998298E+09   0.204442E+09   0.131355E+09   0.443479E+08   0.115977E+09
   0.360122E+09   0.369402E+09   0.660497E+10   0.485681E+09   0.460436E+09   0.924384E+08   0.620223E+08   0.203806E+08   0.534282E+08
   0.383832E+09   0.227334E+10   0.485681E+09   0.108000E+11   0.465201E+09   0.152016E+09   0.105952E+09   0.343681E+08   0.920761E+08
   0.181833E+09   0.998298E+09   0.460436E+09   0.465201E+09   0.302474E+10   0.686335E+08   0.730469E+08   0.234928E+08   0.648642E+08
   0.362408E+08   0.204442E+09   0.924384E+08   0.152016E+09   0.686335E+08   0.159989E+09   0.158737E+08   0.746384E+07   0.193363E+08
   0.236264E+08   0.131355E+09   0.620223E+08   0.105952E+09   0.730469E+08   0.158737E+08   0.987256E+08   0.648063E+07   0.239878E+08
   0.796326E+07   0.443479E+08   0.203806E+08   0.343681E+08   0.234928E+08   0.746384E+07   0.648063E+07   0.156463E+08   0.893898E+07
   0.200012E+08   0.115977E+09   0.534282E+08   0.920761E+08   0.648642E+08   0.193363E+08   0.239878E+08   0.893898E+07   0.617743E+08
