   0.160653E+10   0.916002E+08   0.608566E+08   0.493158E+08   0.159604E+08   0.896373E+07   0.642910E+07   0.416707E+07   0.632397E+07
   0.916002E+08   0.756554E+10   0.191261E+09   0.163806E+09   0.505063E+08   0.284292E+08   0.206021E+08   0.138962E+08   0.210747E+08
   0.608566E+08   0.191261E+09   0.482412E+10   0.168482E+09   0.542139E+08   0.291022E+08   0.213151E+08   0.146480E+08   0.229556E+08
   0.493158E+08   0.163806E+09   0.168482E+09   0.517863E+10   0.693996E+08   0.386569E+08   0.271799E+08   0.189431E+08   0.302588E+08
   0.159604E+08   0.505063E+08   0.542139E+08   0.693996E+08   0.772377E+09   0.184988E+08   0.133911E+08   0.895009E+07   0.143437E+08
   0.896373E+07   0.284292E+08   0.291022E+08   0.386569E+08   0.184988E+08   0.307136E+09   0.980575E+07   0.671525E+07   0.787586E+07
   0.642910E+07   0.206021E+08   0.213151E+08   0.271799E+08   0.133911E+08   0.980575E+07   0.200574E+09   0.668353E+07   0.684204E+07
   0.416707E+07   0.138962E+08   0.146480E+08   0.189431E+08   0.895009E+07   0.671525E+07   0.668353E+07   0.100661E+09   0.634086E+07
   0.632397E+07   0.210747E+08   0.229556E+08   0.302588E+08   0.143437E+08   0.787586E+07   0.684204E+07   0.634086E+07   0.118352E+09
