   0.442822E+11   0.866667E+09   0.777180E+09   0.410253E+09   0.483282E+09   0.635266E+09   0.112298E+09   0.674990E+08   0.440085E+08
   0.866667E+09   0.127607E+11   0.670199E+09   0.322543E+09   0.392166E+09   0.522840E+09   0.924758E+08   0.570634E+08   0.375925E+08
   0.777180E+09   0.670199E+09   0.199485E+11   0.516509E+09   0.643570E+09   0.861252E+09   0.155498E+09   0.970841E+08   0.664987E+08
   0.410253E+09   0.322543E+09   0.516509E+09   0.526968E+10   0.406486E+09   0.554466E+09   0.101967E+09   0.637094E+08   0.454347E+08
   0.483282E+09   0.392166E+09   0.643570E+09   0.406486E+09   0.100262E+11   0.909131E+09   0.173388E+09   0.107494E+09   0.804745E+08
   0.635266E+09   0.522840E+09   0.861252E+09   0.554466E+09   0.909131E+09   0.190294E+11   0.220875E+09   0.160568E+09   0.114794E+09
   0.112298E+09   0.924758E+08   0.155498E+09   0.101967E+09   0.173388E+09   0.220875E+09   0.651849E+09   0.345020E+08   0.231716E+08
   0.674990E+08   0.570634E+08   0.970841E+08   0.637094E+08   0.107494E+09   0.160568E+09   0.345020E+08   0.267576E+09   0.214714E+08
   0.440085E+08   0.375925E+08   0.664987E+08   0.454347E+08   0.804745E+08   0.114794E+09   0.231716E+08   0.214714E+08   0.140344E+09
