   0.130595E+12   0.227410E+10   0.423688E+09   0.224963E+09   0.165539E+09   0.138840E+09   0.774819E+08   0.810097E+08   0.717001E+08
   0.227410E+10   0.449888E+11   0.362810E+09   0.192173E+09   0.142361E+09   0.125097E+09   0.699046E+08   0.748248E+08   0.636147E+08
   0.423688E+09   0.362810E+09   0.259202E+10   0.585527E+08   0.436261E+08   0.389798E+08   0.230275E+08   0.250788E+08   0.204415E+08
   0.224963E+09   0.192173E+09   0.585527E+08   0.101016E+10   0.330706E+08   0.296365E+08   0.179640E+08   0.208482E+08   0.164213E+08
   0.165539E+09   0.142361E+09   0.436261E+08   0.330706E+08   0.774514E+09   0.309103E+08   0.188870E+08   0.226985E+08   0.184702E+08
   0.138840E+09   0.125097E+09   0.389798E+08   0.296365E+08   0.309103E+08   0.666330E+09   0.150457E+08   0.218456E+08   0.106906E+08
   0.774819E+08   0.699046E+08   0.230275E+08   0.179640E+08   0.188870E+08   0.150457E+08   0.264350E+09   0.141453E+08   0.483754E+07
   0.810097E+08   0.748248E+08   0.250788E+08   0.208482E+08   0.226985E+08   0.218456E+08   0.141453E+08   0.376100E+09   0.116596E+08
   0.717001E+08   0.636147E+08   0.204415E+08   0.164213E+08   0.184702E+08   0.106906E+08   0.483754E+07   0.116596E+08   0.155245E+09
