   0.116290E+12   0.152201E+11   0.236228E+10   0.218593E+10   0.524486E+09   0.746538E+09   0.888648E+09   0.185717E+09   0.121711E+09
   0.152201E+11   0.570253E+11   0.229252E+10   0.211390E+10   0.513435E+09   0.739218E+09   0.990055E+09   0.191984E+09   0.125271E+09
   0.236228E+10   0.229252E+10   0.177656E+10   0.462327E+09   0.113056E+09   0.164862E+09   0.232828E+09   0.467994E+08   0.291974E+08
   0.218593E+10   0.211390E+10   0.462327E+09   0.189861E+10   0.146059E+09   0.218484E+09   0.323484E+09   0.682971E+08   0.447217E+08
   0.524486E+09   0.513435E+09   0.113056E+09   0.146059E+09   0.149606E+09   0.781770E+08   0.120716E+09   0.263976E+08   0.180026E+08
   0.746538E+09   0.739218E+09   0.164862E+09   0.218484E+09   0.781770E+08   0.362815E+09   0.250502E+09   0.558724E+08   0.371155E+08
   0.888648E+09   0.990055E+09   0.232828E+09   0.323484E+09   0.120716E+09   0.250502E+09   0.101138E+10   0.112396E+09   0.702405E+08
   0.185717E+09   0.191984E+09   0.467994E+08   0.682971E+08   0.263976E+08   0.558724E+08   0.112396E+09   0.489145E+08   0.184571E+08
   0.121711E+09   0.125271E+09   0.291974E+08   0.447217E+08   0.180026E+08   0.371155E+08   0.702405E+08   0.184571E+08   0.203345E+08
