   0.807302E+10   0.367179E+09   0.172969E+09   0.173409E+09   0.968133E+08   0.102395E+09   0.118528E+09   0.209583E+08   0.237496E+08
   0.367179E+09   0.146313E+11   0.361874E+09   0.371802E+09   0.191572E+09   0.211574E+09   0.249519E+09   0.440487E+08   0.506526E+08
   0.172969E+09   0.361874E+09   0.568740E+10   0.326716E+09   0.154521E+09   0.178039E+09   0.211552E+09   0.380074E+08   0.433768E+08
   0.173409E+09   0.371802E+09   0.326716E+09   0.100242E+11   0.255694E+09   0.293570E+09   0.358640E+09   0.657368E+08   0.736011E+08
   0.968133E+08   0.191572E+09   0.154521E+09   0.255694E+09   0.277836E+10   0.193774E+09   0.232248E+09   0.440577E+08   0.478735E+08
   0.102395E+09   0.211574E+09   0.178039E+09   0.293570E+09   0.193774E+09   0.393641E+10   0.280160E+09   0.379175E+08   0.620306E+08
   0.118528E+09   0.249519E+09   0.211552E+09   0.358640E+09   0.232248E+09   0.280160E+09   0.596449E+10   0.709435E+08   0.949789E+08
   0.209583E+08   0.440487E+08   0.380074E+08   0.657368E+08   0.440577E+08   0.379175E+08   0.709435E+08   0.198711E+09   0.201204E+08
   0.237496E+08   0.506526E+08   0.433768E+08   0.736011E+08   0.478735E+08   0.620306E+08   0.949789E+08   0.201204E+08   0.220209E+09
