   0.112369E+11   0.299639E+09   0.266925E+09   0.383382E+09   0.401341E+09   0.183559E+09   0.558125E+08   0.345002E+08   0.163461E+08
   0.299639E+09   0.105439E+10   0.366801E+09   0.103790E+09   0.179695E+09   0.843574E+08   0.253799E+08   0.155762E+08   0.742836E+07
   0.266925E+09   0.366801E+09   0.189287E+11   0.608421E+09   0.534704E+09   0.393845E+09   0.121164E+09   0.752625E+08   0.355658E+08
   0.383382E+09   0.103790E+09   0.608421E+09   0.345905E+10   0.370336E+09   0.150737E+09   0.641423E+08   0.429892E+08   0.199452E+08
   0.401341E+09   0.179695E+09   0.534704E+09   0.370336E+09   0.461761E+10   0.261933E+09   0.699551E+08   0.624804E+08   0.300407E+08
   0.183559E+09   0.843574E+08   0.393845E+09   0.150737E+09   0.261933E+09   0.123442E+10   0.536075E+08   0.344657E+08   0.200508E+08
   0.558125E+08   0.253799E+08   0.121164E+09   0.641423E+08   0.699551E+08   0.536075E+08   0.118468E+09   0.165072E+08   0.745104E+07
   0.345002E+08   0.155762E+08   0.752625E+08   0.429892E+08   0.624804E+08   0.344657E+08   0.165072E+08   0.632461E+08   0.854499E+07
   0.163461E+08   0.742836E+07   0.355658E+08   0.199452E+08   0.300407E+08   0.200508E+08   0.745104E+07   0.854499E+07   0.124395E+08
