   0.100076E+12   0.118102E+10   0.219774E+10   0.230880E+09   0.813300E+08   0.146516E+09   0.128469E+09   0.166785E+09   0.120068E+09
   0.118102E+10   0.327376E+10   0.601887E+09   0.633952E+08   0.234738E+08   0.692678E+08   0.278397E+08   0.460966E+08   0.330088E+08
   0.219774E+10   0.601887E+09   0.173614E+11   0.191959E+09   0.751631E+08   0.243266E+09   0.995037E+08   0.119887E+09   0.100458E+09
   0.230880E+09   0.633952E+08   0.191959E+09   0.265890E+09   0.116463E+08   0.391803E+08   0.168838E+08   0.204146E+08   0.137469E+08
   0.813300E+08   0.234738E+08   0.751631E+08   0.116463E+08   0.614357E+08   0.233373E+08   0.104801E+08   0.130079E+08   0.887594E+07
   0.146516E+09   0.692678E+08   0.243266E+09   0.391803E+08   0.233373E+08   0.852163E+09   0.461510E+08   0.617624E+08   0.416943E+08
   0.128469E+09   0.278397E+08   0.995037E+08   0.168838E+08   0.104801E+08   0.461510E+08   0.204938E+09   0.426642E+08   0.291888E+08
   0.166785E+09   0.460966E+08   0.119887E+09   0.204146E+08   0.130079E+08   0.617624E+08   0.426642E+08   0.360184E+09   0.529202E+08
   0.120068E+09   0.330088E+08   0.100458E+09   0.137469E+08   0.887594E+07   0.416943E+08   0.291888E+08   0.529202E+08   0.168200E+09
