   0.974487E+11   0.138694E+11   0.176604E+11   0.229984E+11   0.604764E+10   0.750402E+09   0.474377E+09   0.516343E+09   0.455249E+09
   0.138694E+11   0.516637E+10   0.482221E+10   0.696944E+10   0.176978E+10   0.221921E+09   0.139636E+09   0.152731E+09   0.134108E+09
   0.176604E+11   0.482221E+10   0.895754E+10   0.105587E+11   0.287740E+10   0.353306E+09   0.224397E+09   0.243059E+09   0.215186E+09
   0.229984E+11   0.696944E+10   0.105587E+11   0.262901E+11   0.576958E+10   0.758152E+09   0.467376E+09   0.522207E+09   0.450383E+09
   0.604764E+10   0.176978E+10   0.287740E+10   0.576958E+10   0.277744E+10   0.298068E+09   0.201543E+09   0.204512E+09   0.191375E+09
   0.750402E+09   0.221921E+09   0.353306E+09   0.758152E+09   0.298068E+09   0.715483E+08   0.354952E+08   0.496664E+08   0.355789E+08
   0.474377E+09   0.139636E+09   0.224397E+09   0.467376E+09   0.201543E+09   0.354952E+08   0.469729E+08   0.233279E+08   0.412608E+08
   0.516343E+09   0.152731E+09   0.243059E+09   0.522207E+09   0.204512E+09   0.496664E+08   0.233279E+08   0.132565E+09   0.343556E+08
   0.455249E+09   0.134108E+09   0.215186E+09   0.450383E+09   0.191375E+09   0.355789E+08   0.412608E+08   0.343556E+08   0.682238E+08
