   0.437311E+12   0.179361E+11   0.213752E+10   0.786975E+09   0.760010E+09   0.225782E+09   0.358252E+09   0.135210E+09   0.711144E+08
   0.179361E+11   0.309069E+12   0.270793E+10   0.104772E+10   0.100312E+10   0.300340E+09   0.460665E+09   0.170981E+09   0.937753E+08
   0.213752E+10   0.270793E+10   0.686502E+10   0.212358E+09   0.206615E+09   0.622439E+08   0.974085E+08   0.346050E+08   0.194511E+08
   0.786975E+09   0.104772E+10   0.212358E+09   0.155300E+10   0.126656E+09   0.384511E+08   0.609499E+08   0.210278E+08   0.118436E+08
   0.760010E+09   0.100312E+10   0.206615E+09   0.126656E+09   0.200633E+10   0.552684E+08   0.885521E+08   0.296558E+08   0.171133E+08
   0.225782E+09   0.300340E+09   0.622439E+08   0.384511E+08   0.552684E+08   0.221522E+09   0.362640E+08   0.121252E+08   0.507004E+07
   0.358252E+09   0.460665E+09   0.974085E+08   0.609499E+08   0.885521E+08   0.362640E+08   0.643000E+09   0.246635E+08   0.138540E+08
   0.135210E+09   0.170981E+09   0.346050E+08   0.210278E+08   0.296558E+08   0.121252E+08   0.246635E+08   0.586869E+08   0.486341E+07
   0.711144E+08   0.937753E+08   0.194511E+08   0.118436E+08   0.171133E+08   0.507004E+07   0.138540E+08   0.486341E+07   0.187980E+08
