   0.280142E+12   0.101951E+11   0.121734E+11   0.277797E+10   0.321191E+10   0.443624E+10   0.647809E+09   0.275094E+09   0.191809E+09
   0.101951E+11   0.579121E+10   0.232736E+10   0.540047E+09   0.633914E+09   0.101516E+10   0.136381E+09   0.582152E+08   0.404151E+08
   0.121734E+11   0.232736E+10   0.937985E+10   0.823500E+09   0.981730E+09   0.166359E+10   0.236095E+09   0.954631E+08   0.677318E+08
   0.277797E+10   0.540047E+09   0.823500E+09   0.606563E+09   0.300046E+09   0.537335E+09   0.806008E+08   0.351729E+08   0.211648E+08
   0.321191E+10   0.633914E+09   0.981730E+09   0.300046E+09   0.106027E+10   0.887763E+09   0.142733E+09   0.616755E+08   0.486432E+08
   0.443624E+10   0.101516E+10   0.166359E+10   0.537335E+09   0.887763E+09   0.427682E+10   0.363263E+09   0.160821E+09   0.108737E+09
   0.647809E+09   0.136381E+09   0.236095E+09   0.806008E+08   0.142733E+09   0.363263E+09   0.129475E+09   0.297598E+08   0.278204E+08
   0.275094E+09   0.582152E+08   0.954631E+08   0.351729E+08   0.616755E+08   0.160821E+09   0.297598E+08   0.308319E+08   0.895436E+06
   0.191809E+09   0.404151E+08   0.677318E+08   0.211648E+08   0.486432E+08   0.108737E+09   0.278204E+08   0.895436E+06   0.445316E+08
