   0.179121E+10   0.206010E+10   0.637636E+09   0.902284E+09   0.142630E+10   0.376248E+09   0.720016E+08   0.212062E+08   0.919347E+08
   0.206010E+10   0.122983E+11   0.210892E+10   0.302496E+10   0.527514E+10   0.132416E+10   0.255300E+09   0.763755E+08   0.323030E+09
   0.637636E+09   0.210892E+10   0.123505E+10   0.109850E+10   0.201555E+10   0.532911E+09   0.996880E+08   0.298313E+08   0.129016E+09
   0.902284E+09   0.302496E+10   0.109850E+10   0.270489E+10   0.341392E+10   0.946789E+09   0.183988E+09   0.524822E+08   0.233897E+09
   0.142630E+10   0.527514E+10   0.201555E+10   0.341392E+10   0.113293E+11   0.217410E+10   0.439247E+09   0.143623E+09   0.525041E+09
   0.376248E+09   0.132416E+10   0.532911E+09   0.946789E+09   0.217410E+10   0.102020E+10   0.151677E+09   0.435748E+08   0.236195E+09
   0.720016E+08   0.255300E+09   0.996880E+08   0.183988E+09   0.439247E+09   0.151677E+09   0.491530E+08   0.924190E+07   0.486373E+08
   0.212062E+08   0.763755E+08   0.298313E+08   0.524822E+08   0.143623E+09   0.435748E+08   0.924190E+07   0.160940E+08  -0.193296E+07
   0.919347E+08   0.323030E+09   0.129016E+09   0.233897E+09   0.525041E+09   0.236195E+09   0.486373E+08  -0.193296E+07   0.289926E+09
