   0.200790E+11   0.462868E+09   0.381820E+09   0.907791E+08   0.537982E+08   0.387557E+08   0.356706E+08   0.220257E+08   0.339585E+08
   0.462868E+09   0.123016E+11   0.452316E+09   0.103996E+09   0.613526E+08   0.445685E+08   0.425867E+08   0.262936E+08   0.413810E+08
   0.381820E+09   0.452316E+09   0.140198E+11   0.150821E+09   0.834316E+08   0.611808E+08   0.594194E+08   0.380817E+08   0.610488E+08
   0.907791E+08   0.103996E+09   0.150821E+09   0.123941E+10   0.318269E+08   0.221956E+08   0.216958E+08   0.142571E+08   0.240776E+08
   0.537982E+08   0.613526E+08   0.834316E+08   0.318269E+08   0.576637E+09   0.195781E+08   0.178604E+08   0.118184E+08   0.206312E+08
   0.387557E+08   0.445685E+08   0.611808E+08   0.221956E+08   0.195781E+08   0.377001E+09   0.133342E+08   0.780136E+07   0.136859E+08
   0.356706E+08   0.425867E+08   0.594194E+08   0.216958E+08   0.178604E+08   0.133342E+08   0.333827E+09   0.786504E+07   0.125316E+08
   0.220257E+08   0.262936E+08   0.380817E+08   0.142571E+08   0.118184E+08   0.780136E+07   0.786504E+07   0.141398E+09   0.928604E+07
   0.339585E+08   0.413810E+08   0.610488E+08   0.240776E+08   0.206312E+08   0.136859E+08   0.125316E+08   0.928604E+07   0.283651E+09
