   0.218840E+12   0.139211E+10   0.632201E+09   0.425329E+09   0.355547E+09   0.167840E+09   0.196819E+09   0.971134E+08   0.125374E+09
   0.139211E+10   0.848367E+10   0.180390E+09   0.122612E+09   0.106663E+09   0.507971E+08   0.607545E+08   0.287990E+08   0.381237E+08
   0.632201E+09   0.180390E+09   0.258460E+10   0.865673E+08   0.758473E+08   0.384613E+08   0.463577E+08   0.211503E+08   0.286601E+08
   0.425329E+09   0.122612E+09   0.865673E+08   0.166412E+10   0.734932E+08   0.386939E+08   0.491162E+08   0.217773E+08   0.293510E+08
   0.355547E+09   0.106663E+09   0.758473E+08   0.734932E+08   0.161323E+10   0.456242E+08   0.596391E+08   0.272802E+08   0.365148E+08
   0.167840E+09   0.507971E+08   0.384613E+08   0.386939E+08   0.456242E+08   0.504115E+09   0.253597E+08   0.980905E+07   0.179541E+08
   0.196819E+09   0.607545E+08   0.463577E+08   0.491162E+08   0.596391E+08   0.253597E+08   0.926051E+09   0.158669E+08   0.295747E+08
   0.971134E+08   0.287990E+08   0.211503E+08   0.217773E+08   0.272802E+08   0.980905E+07   0.158669E+08   0.188830E+09   0.154019E+08
   0.125374E+09   0.381237E+08   0.286601E+08   0.293510E+08   0.365148E+08   0.179541E+08   0.295747E+08   0.154019E+08   0.363988E+09
