   0.457318E+11   0.553913E+09   0.212796E+09   0.307203E+09   0.331077E+09   0.340879E+09   0.186349E+09   0.622223E+08   0.564254E+08
   0.553913E+09   0.104836E+10   0.513950E+08   0.166167E+09   0.496464E+08   0.774152E+08   0.421746E+08   0.143172E+08   0.128385E+08
   0.212796E+09   0.513950E+08   0.294536E+09   0.139167E+09   0.445428E+08   0.396805E+08   0.287578E+08   0.985228E+07   0.907119E+07
   0.307203E+09   0.166167E+09   0.139167E+09   0.667119E+10   0.268578E+09   0.249919E+09   0.128250E+09   0.531448E+08   0.510748E+08
   0.331077E+09   0.496464E+08   0.445428E+08   0.268578E+09   0.127363E+10   0.154221E+09   0.768174E+08   0.239416E+08   0.280544E+08
   0.340879E+09   0.774152E+08   0.396805E+08   0.249919E+09   0.154221E+09   0.156193E+10   0.119612E+09   0.379474E+08   0.354809E+08
   0.186349E+09   0.421746E+08   0.287578E+08   0.128250E+09   0.768174E+08   0.119612E+09   0.483739E+09   0.309033E+08   0.300287E+08
   0.622223E+08   0.143172E+08   0.985228E+07   0.531448E+08   0.239416E+08   0.379474E+08   0.309033E+08   0.543846E+08   0.137768E+08
   0.564254E+08   0.128385E+08   0.907119E+07   0.510748E+08   0.280544E+08   0.354809E+08   0.300287E+08   0.137768E+08   0.541666E+08
