   0.137188E+11   0.689438E+09   0.635518E+09   0.132932E+09   0.262164E+09   0.246240E+08   0.110775E+08   0.126419E+08   0.142864E+08
   0.689438E+09   0.118144E+11   0.893671E+09   0.187174E+09   0.371029E+09   0.349994E+08   0.161858E+08   0.236342E+08   0.178766E+08
   0.635518E+09   0.893671E+09   0.153980E+11   0.287422E+09   0.568384E+09   0.532472E+08   0.252762E+08   0.399987E+08   0.294918E+08
   0.132932E+09   0.187174E+09   0.287422E+09   0.106296E+10   0.185781E+09   0.176946E+08   0.835168E+07   0.139347E+08   0.105830E+08
   0.262164E+09   0.371029E+09   0.568384E+09   0.185781E+09   0.542003E+10   0.494669E+08   0.240124E+08   0.412100E+08   0.320726E+08
   0.246240E+08   0.349994E+08   0.532472E+08   0.176946E+08   0.494669E+08   0.691445E+08   0.343421E+07   0.651324E+07   0.450508E+07
   0.110775E+08   0.161858E+08   0.252762E+08   0.835168E+07   0.240124E+08   0.343421E+07   0.214479E+08   0.528639E+07   0.370364E+07
   0.126419E+08   0.236342E+08   0.399987E+08   0.139347E+08   0.412100E+08   0.651324E+07   0.528639E+07   0.835407E+08   0.112040E+08
   0.142864E+08   0.178766E+08   0.294918E+08   0.105830E+08   0.320726E+08   0.450508E+07   0.370364E+07   0.112040E+08   0.406410E+08
