   0.419664E+11   0.642174E+10   0.364404E+10   0.476880E+09   0.328105E+09   0.169998E+09   0.131599E+09   0.106851E+09   0.439821E+08
   0.642174E+10   0.506242E+11   0.560621E+10   0.752163E+09   0.511059E+09   0.263964E+09   0.207074E+09   0.187755E+09   0.716584E+08
   0.364404E+10   0.560621E+10   0.202760E+11   0.605464E+09   0.419176E+09   0.212267E+09   0.170177E+09   0.162503E+09   0.657481E+08
   0.476880E+09   0.752163E+09   0.605464E+09   0.516014E+09   0.846387E+08   0.417499E+08   0.345677E+08   0.343537E+08   0.144497E+08
   0.328105E+09   0.511059E+09   0.419176E+09   0.846387E+08   0.398134E+09   0.449945E+08   0.388996E+08   0.402176E+08   0.173254E+08
   0.169998E+09   0.263964E+09   0.212267E+09   0.417499E+08   0.449945E+08   0.111878E+09   0.289276E+08   0.315862E+08   0.135004E+08
   0.131599E+09   0.207074E+09   0.170177E+09   0.345677E+08   0.388996E+08   0.289276E+08   0.114571E+09   0.476906E+08   0.194568E+08
   0.106851E+09   0.187755E+09   0.162503E+09   0.343537E+08   0.402176E+08   0.315862E+08   0.476906E+08   0.171271E+09   0.306171E+08
   0.439821E+08   0.716584E+08   0.657481E+08   0.144497E+08   0.173254E+08   0.135004E+08   0.194568E+08   0.306171E+08   0.281163E+08
