   0.937588E+10   0.136264E+10   0.126620E+09   0.468824E+08   0.631280E+08   0.577077E+08   0.762416E+08   0.416377E+08   0.221322E+08
   0.136264E+10   0.382784E+11   0.388639E+09   0.152221E+09   0.397754E+09   0.131658E+09   0.236310E+09   0.127467E+09   0.675363E+08
   0.126620E+09   0.388639E+09   0.510861E+09   0.246442E+08   0.720797E+08   0.248126E+08   0.295566E+08   0.193538E+08   0.102411E+08
   0.468824E+08   0.152221E+09   0.246442E+08   0.129710E+09   0.480841E+08   0.177618E+08   0.207592E+08   0.105232E+08   0.632263E+07
   0.631280E+08   0.397754E+09   0.720797E+08   0.480841E+08   0.184795E+10   0.838308E+08   0.100993E+09   0.509115E+08   0.239309E+08
   0.577077E+08   0.131658E+09   0.248126E+08   0.177618E+08   0.838308E+08   0.359756E+09   0.547718E+08   0.322257E+08   0.167018E+08
   0.762416E+08   0.236310E+09   0.295566E+08   0.207592E+08   0.100993E+09   0.547718E+08   0.629230E+09   0.609088E+08   0.302799E+08
   0.416377E+08   0.127467E+09   0.193538E+08   0.105232E+08   0.509115E+08   0.322257E+08   0.609088E+08   0.199625E+09   0.223624E+08
   0.221322E+08   0.675363E+08   0.102411E+08   0.632263E+07   0.239309E+08   0.167018E+08   0.302799E+08   0.223624E+08   0.458825E+08
