   0.229098E+11   0.446004E+09   0.388635E+09   0.162448E+09   0.154007E+09   0.997734E+08   0.810548E+08   0.105875E+09   0.298241E+08
   0.446004E+09   0.740577E+10   0.338848E+09   0.142532E+09   0.138744E+09   0.844573E+08   0.715932E+08   0.945178E+08   0.264456E+08
   0.388635E+09   0.338848E+09   0.911846E+10   0.219052E+09   0.215808E+09   0.123092E+09   0.108856E+09   0.143811E+09   0.404503E+08
   0.162448E+09   0.142532E+09   0.219052E+09   0.270019E+10   0.157935E+09   0.845775E+08   0.755772E+08   0.101546E+09   0.287495E+08
   0.154007E+09   0.138744E+09   0.215808E+09   0.157935E+09   0.425573E+10   0.133193E+09   0.119804E+09   0.157714E+09   0.455957E+08
   0.997734E+08   0.844573E+08   0.123092E+09   0.845775E+08   0.133193E+09   0.131082E+10   0.579425E+08   0.942749E+08   0.229570E+08
   0.810548E+08   0.715932E+08   0.108856E+09   0.755772E+08   0.119804E+09   0.579425E+08   0.123180E+10   0.114317E+09   0.252144E+08
   0.105875E+09   0.945178E+08   0.143811E+09   0.101546E+09   0.157714E+09   0.942749E+08   0.114317E+09   0.230802E+10   0.544781E+08
   0.298241E+08   0.264456E+08   0.404503E+08   0.287495E+08   0.455957E+08   0.229570E+08   0.252144E+08   0.544781E+08   0.154815E+09
