   0.405534E+11   0.121554E+10   0.162319E+10   0.154332E+10   0.218328E+09   0.815068E+08   0.671094E+08   0.262155E+08   0.416985E+08
   0.121554E+10   0.189324E+11   0.164181E+10   0.159048E+10   0.225708E+09   0.883504E+08   0.726403E+08   0.282132E+08   0.442559E+08
   0.162319E+10   0.164181E+10   0.528114E+11   0.345943E+10   0.500487E+09   0.203509E+09   0.171184E+09   0.657538E+08   0.104984E+09
   0.154332E+10   0.159048E+10   0.345943E+10   0.684256E+11   0.713031E+09   0.298879E+09   0.259333E+09   0.980597E+08   0.158649E+09
   0.218328E+09   0.225708E+09   0.500487E+09   0.713031E+09   0.197753E+10   0.626025E+08   0.564357E+08   0.215023E+08   0.353348E+08
   0.815068E+08   0.883504E+08   0.203509E+09   0.298879E+09   0.626025E+08   0.374061E+09   0.308141E+08   0.115506E+08   0.196751E+08
   0.671094E+08   0.726403E+08   0.171184E+09   0.259333E+09   0.564357E+08   0.308141E+08   0.348367E+09   0.143357E+08   0.249030E+08
   0.262155E+08   0.282132E+08   0.657538E+08   0.980597E+08   0.215023E+08   0.115506E+08   0.143357E+08   0.508479E+08   0.121214E+08
   0.416985E+08   0.442559E+08   0.104984E+09   0.158649E+09   0.353348E+08   0.196751E+08   0.249030E+08   0.121214E+08   0.141447E+09
