   0.547672E+10   0.628778E+08   0.925079E+08   0.601866E+08   0.466067E+08   0.155697E+08   0.936443E+07   0.806123E+07   0.772220E+07
   0.628778E+08   0.123925E+10   0.668389E+08   0.414869E+08   0.340537E+08   0.108775E+08   0.657068E+07   0.569911E+07   0.566015E+07
   0.925079E+08   0.668389E+08   0.418037E+10   0.100481E+09   0.809160E+08   0.270737E+08   0.156638E+08   0.136779E+08   0.138957E+08
   0.601866E+08   0.414869E+08   0.100481E+09   0.235003E+10   0.775518E+08   0.253127E+08   0.151274E+08   0.127140E+08   0.131015E+08
   0.466067E+08   0.340537E+08   0.809160E+08   0.775518E+08   0.228177E+10   0.317017E+08   0.185319E+08   0.158016E+08   0.158278E+08
   0.155697E+08   0.108775E+08   0.270737E+08   0.253127E+08   0.317017E+08   0.320528E+09   0.731847E+07   0.630419E+07   0.379683E+07
   0.936443E+07   0.657068E+07   0.156638E+08   0.151274E+08   0.185319E+08   0.731847E+07   0.130622E+09   0.530647E+07   0.300540E+07
   0.806123E+07   0.569911E+07   0.136779E+08   0.127140E+08   0.158016E+08   0.630419E+07   0.530647E+07   0.107408E+09   0.444470E+07
   0.772220E+07   0.566015E+07   0.138957E+08   0.131015E+08   0.158278E+08   0.379683E+07   0.300540E+07   0.444470E+07   0.619772E+08
