   0.192999E+00   0.792780E-04   0.792898E-04   0.105176E-03   0.114399E-03   0.145041E-03   0.128149E-03   0.188060E-03   0.258670E-03
   0.792780E-04   0.195390E+00   0.297570E-02   0.637025E-02   0.578822E-02   0.889167E-02   0.778273E-02   0.116135E-01   0.160654E-01
   0.792898E-04   0.297570E-02   0.195118E+00   0.574003E-02   0.527133E-02   0.800897E-02   0.701284E-02   0.104575E-01   0.144627E-01
   0.105176E-03   0.637025E-02   0.574003E-02   0.196005E+00   0.582818E-02   0.942035E-02   0.821020E-02   0.123445E-01   0.171190E-01
   0.114399E-03   0.578822E-02   0.527133E-02   0.582818E-02   0.195561E+00   0.900952E-02   0.783301E-02   0.118280E-01   0.164237E-01
   0.145041E-03   0.889167E-02   0.800897E-02   0.942035E-02   0.900952E-02   0.196844E+00   0.846737E-02   0.128714E-01   0.179114E-01
   0.128149E-03   0.778273E-02   0.701284E-02   0.821020E-02   0.783301E-02   0.846737E-02   0.196051E+00   0.122137E-01   0.169954E-01
   0.188060E-03   0.116135E-01   0.104575E-01   0.123445E-01   0.118280E-01   0.128714E-01   0.122137E-01   0.197995E+00   0.188002E-01
   0.258670E-03   0.160654E-01   0.144627E-01   0.171190E-01   0.164237E-01   0.179114E-01   0.169954E-01   0.188002E-01   0.200997E+00
