   0.102325E+12   0.471980E+10   0.375493E+10   0.454977E+09   0.145305E+09   0.110282E+09   0.310579E+08   0.624517E+08   0.541212E+08
   0.471980E+10   0.105993E+12   0.579626E+10   0.707742E+09   0.239590E+09   0.180243E+09   0.505872E+08   0.978724E+08   0.834483E+08
   0.375493E+10   0.579626E+10   0.109207E+12   0.967246E+09   0.341574E+09   0.263225E+09   0.728033E+08   0.142593E+09   0.115291E+09
   0.454977E+09   0.707742E+09   0.967246E+09   0.254940E+10   0.688351E+08   0.551855E+08   0.148741E+08   0.293549E+08   0.227350E+08
   0.145305E+09   0.239590E+09   0.341574E+09   0.688351E+08   0.473237E+09   0.310999E+08   0.850528E+07   0.167141E+08   0.122758E+08
   0.110282E+09   0.180243E+09   0.263225E+09   0.551855E+08   0.310999E+08   0.399010E+09   0.853286E+07   0.200773E+08   0.128511E+08
   0.310579E+08   0.505872E+08   0.728033E+08   0.148741E+08   0.850528E+07   0.853286E+07   0.317970E+08   0.804743E+07   0.462372E+07
   0.624517E+08   0.978724E+08   0.142593E+09   0.293549E+08   0.167141E+08   0.200773E+08   0.804743E+07   0.150205E+09   0.112793E+08
   0.541212E+08   0.834483E+08   0.115291E+09   0.227350E+08   0.122758E+08   0.128511E+08   0.462372E+07   0.112793E+08   0.486033E+08
