   0.785617E+11   0.207165E+10   0.930615E+09   0.108684E+10   0.120706E+10   0.171785E+09   0.884087E+08   0.587301E+08   0.311684E+08
   0.207165E+10   0.413805E+11   0.980625E+09   0.118343E+10   0.133394E+10   0.190845E+09   0.101991E+09   0.679913E+08   0.357934E+08
   0.930615E+09   0.980625E+09   0.973231E+10   0.758109E+09   0.854256E+09   0.125462E+09   0.680886E+08   0.466198E+08   0.241935E+08
   0.108684E+10   0.118343E+10   0.758109E+09   0.195394E+11   0.149454E+10   0.226417E+09   0.124174E+09   0.882220E+08   0.449049E+08
   0.120706E+10   0.133394E+10   0.854256E+09   0.149454E+10   0.320872E+11   0.358861E+09   0.196219E+09   0.145367E+09   0.738443E+08
   0.171785E+09   0.190845E+09   0.125462E+09   0.226417E+09   0.358861E+09   0.832402E+09   0.308454E+08   0.264110E+08   0.153140E+08
   0.884087E+08   0.101991E+09   0.680886E+08   0.124174E+09   0.196219E+09   0.308454E+08   0.265417E+09   0.203390E+08   0.110419E+08
   0.587301E+08   0.679913E+08   0.466198E+08   0.882220E+08   0.145367E+09   0.264110E+08   0.203390E+08   0.170236E+09   0.110594E+08
   0.311684E+08   0.357934E+08   0.241935E+08   0.449049E+08   0.738443E+08   0.153140E+08   0.110419E+08   0.110594E+08   0.409958E+08
