Age Structured Assessment Program (ASAP) Version 3.0
Start time for run: Fri Dec 15 12:02:34 2017

obj_fun        = 2432.71

Component                Lambda          obj_fun
__Catch_Fleet_1               1          -48.5575
Catch_Fleet_Total             1          -48.5575
Discard_Fleet_Total           0          0
__Index_Fit_1                 1          17.54
__Index_Fit_2                 1          -4.31759
Index_Fit_Total               2          13.2224
Catch_Age_Comps       see_below          1245.61
Discard_Age_Comps     see_below          0
Index_Age_Comps       see_below          1222.43
__Sel_Param_1                 0          0
__Sel_Param_2                 0          0
__Sel_Param_3                 0          0
__Sel_Param_7                 0          0
__Sel_Param_8                 0          0
__Sel_Param_9                 0          0
__Sel_Param_13                0          0
__Sel_Param_14                0          0
__Sel_Param_15                0          0
__Sel_Param_19                0          0
__Sel_Param_20                0          0
__Sel_Param_21                0          0
__Sel_Param_25                0          0
__Sel_Param_26                0          0
__Sel_Param_27                0          0
__Sel_Param_31                0          0
__Sel_Param_32                0          0
__Sel_Param_33                0          0
Sel_Params_Total              0          0
__Index_Sel_Param_1           0          0
__Index_Sel_Param_2           0          0
__Index_Sel_Param_3           0          0
__Index_Sel_Param_7           0          0
__Index_Sel_Param_8           0          0
__Index_Sel_Param_9           0          0
Index_Sel_Params_Total        0          0
q_year1_Total                 0          0
q_devs_Total                  0          0
__Fmult_year1_fleet_1         0          -0
Fmult_year1_fleet_Total       0          0
Fmult_devs_fleet_Total        0          0
N_year_1                      0          0
Recruit_devs                  0          0
SR_steepness                  0          0
SR_scaler                     0          0
Fmult_Max_penalty          1000          0
F_penalty                     0.01          0.00606904

 Input and Estimated effective sample sizes for fleet 1
1973  18  33.9064
1974  18  4.53751
1975  18  43.4544
1976  18  6.61062
1977  18  5.92182
1978  18  6.05857
1979  18  9.94549
1980  18  11.4699
1981  18  80.2718
1982  18  35.6298
1983  18  53.4575
1984  18  16.9159
1985  18  11.2833
1986  18  8.79899
1987  18  2.46799
1988  18  3.6145
1989  18  138.246
1990  18  8.77181
1991  18  14.9576
1992  18  14.8537
1993  18  20.2868
1994  18  73.9344
1995  18  17.2882
1996  37  92.1992
1997  37  15.1297
1998  37  35.59
1999  37  25.1037
2000  37  42.517
2001  37  50.3712
2002  37  21.0662
2003  37  49.7995
2004  37  13.9623
2005  37  104.74
2006  37  21.7927
2007  37  510.995
2008  37  36.899
2009  37  150.948
 Total  932  1793.8

 Input and Estimated effective Discard sample sizes for fleet 1
1973  0  0
1974  0  0
1975  0  0
1976  0  0
1977  0  0
1978  0  0
1979  0  0
1980  0  0
1981  0  0
1982  0  0
1983  0  0
1984  0  0
1985  0  0
1986  0  0
1987  0  0
1988  0  0
1989  0  0
1990  0  0
1991  0  0
1992  0  0
1993  0  0
1994  0  0
1995  0  0
1996  0  0
1997  0  0
1998  0  0
1999  0  0
2000  0  0
2001  0  0
2002  0  0
2003  0  0
2004  0  0
2005  0  0
2006  0  0
2007  0  0
2008  0  0
2009  0  0
 Total  0  0

Observed and predicted total fleet catch by year and standardized residual
 fleet 1 total catches
1973  14549  16353.1  -0.590242
1974  17088  22481.4  -1.38512
1975  5732  5792.54  -0.0530513
1976  3436  3264.17  0.259049
1977  5223  4981.42  0.239122
1978  8085  7454.83  0.409755
1979  9883  7814.17  1.186
1980  8021  7037.95  0.660195
1981  6607  6123.48  0.383748
1982  15764  14191.1  0.530764
1983  22211  20737.8  0.346535
1984  11225  12191.7  -0.417139
1985  4817  4799.31  0.018574
1986  4620  3825.43  0.952949
1987  2652  2493.18  0.311837
1988  2782  2512.62  0.514247
1989  8349  5682.61  1.94267
1990  17916  11940.5  2.04885
1991  6430  6623.15  -0.149444
1992  2695  2940.14  -0.439592
1993  771  798.943  -0.179764
1994  735  714.334  0.144011
1995  343  343.893  -0.0131353
1996  759  791.152  -0.209489
1997  1222  1318.12  -0.38234
1998  1087  1248.37  -0.698908
1999  1403  1819.11  -1.31152
2000  1397  1767.2  -1.18695
2001  1449  2154.69  -2.00348
2002  945  1007.16  -0.321667
2003  666  703.775  -0.278571
2004  619  608.328  0.0878136
2005  346  345.927  0.00106496
2006  396  413.172  -0.214346
2007  502  513.574  -0.115101
2008  583  588.499  -0.0474052
2009  453  456.594  -0.0399042
Observed and predicted total fleet Discards by year and standardized residual
 fleet 1 total Discards
1973  0  0  0
1974  0  0  0
1975  0  0  0
1976  0  0  0
1977  0  0  0
1978  0  0  0
1979  0  0  0
1980  0  0  0
1981  0  0  0
1982  0  0  0
1983  0  0  0
1984  0  0  0
1985  0  0  0
1986  0  0  0
1987  0  0  0
1988  0  0  0
1989  0  0  0
1990  0  0  0
1991  0  0  0
1992  0  0  0
1993  0  0  0
1994  0  0  0
1995  0  0  0
1996  0  0  0
1997  0  0  0
1998  0  0  0
1999  0  0  0
2000  0  0  0
2001  0  0  0
2002  0  0  0
2003  0  0  0
2004  0  0  0
2005  0  0  0
2006  0  0  0
2007  0  0  0
2008  0  0  0
2009  0  0  0

Index data
index number 1
aggregate units = 2
proportions units = 2
month = 4
starting and ending ages for selectivity = 1  6
selectivity choice = -1
 year, obs index, pred index, standardized residual
1973  45993.3  28608.9  2.18384
1974  18318.7  14588.3  0.729265
1975  4839.41  8667.65  -2.05093
1976  5942.61  8017.71  -0.988735
1977  6925.37  11499.8  -1.34776
1978  18730.7  14771.2  0.864403
1979  5889.55  15319.4  -3.06162
1980  14774.4  17174  -0.662881
1981  27000.5  32427.3  -0.644503
1982  43523.9  37806.8  0.49556
1983  30456.2  23896.7  0.98509
1984  8397.88  10833.6  -0.926978
1985  6074.29  7354.3  -0.547767
1986  7020.75  5429.21  1.13229
1987  1593.48  4039.24  -2.81225
1988  2035.3  17706.9  -6.197
1989  17077.9  24442.5  -1.30505
1990  25849.5  15404.2  1.70889
1991  11510  6012.37  2.74415
1992  3741.82  2196.06  1.81533
1993  1493.45  1397.08  0.207468
1994  529.85  1792.56  -3.2391
1995  2393.74  2232.4  0.237699
1996  3908.97  2373.84  1.46722
1997  4137.04  2922.81  0.809076
1998  6162.7  3145.41  2.09191
1999  5117.79  3314.32  1.9136
2000  4801.36  3059.66  1.64012
2001  2626.64  2301.65  0.399332
2002  2910.49  1540.36  1.4243
2003  750.44  1143.29  -0.96096
2004  1002.58  1075.54  -0.160332
2005  1143.77  2074.91  -1.75204
2006  3334.65  3164.01  0.115355
2007  2429.57  3050.33  -0.775085
2008  2112.49  2893.68  -0.510398
2009  3367.55  2796.64  0.594957
index number 2
aggregate units = 2
proportions units = 2
month = 10
starting and ending ages for selectivity = 1  6
selectivity choice = -1
 year, obs index, pred index, standardized residual
1973  17343  18049.4  -0.0802371
1974  7069.14  6320.13  0.228937
1975  3338  5318.52  -0.840058
1976  10016.5  5366.98  1.45305
1977  5279.03  7556.95  -0.870912
1978  8912.42  9526.4  -0.190843
1979  7917.85  9647.62  -0.673088
1980  6111.82  11303.5  -1.37635
1981  24538.3  22710.8  0.227676
1982  35005.5  24852.8  0.712395
1983  27070.6  13137.8  1.79366
1984  6421.5  5262.13  0.529172
1985  1397.52  4420  -2.68138
1986  3102.43  3139.92  -0.0291644
1987  2330.01  2444.32  -0.0979019
1988  5754.22  12597.5  -2.30501
1989  11846.9  16337.6  -0.797396
1990  5562.57  8187.33  -0.900114
1991  2649.75  2888.46  -0.223903
1992  629.04  1121.41  -1.07363
1993  579.77  925.713  -1.04741
1994  1704.84  1179.75  0.765707
1995  1389.37  1596.5  -0.199546
1996  1066.77  1628.12  -0.785134
1997  3556.07  1920.18  1.52888
1998  3107.97  2091.93  0.823341
1999  2256.89  2144.5  0.0799548
2000  2545.21  1969.43  0.443604
2001  1413.65  1336.42  0.10592
2002  3443.4  986.667  2.39315
2003  1953.92  747.401  1.61879
2004  303.12  708.422  -1.97687
2005  3025.86  1489.59  2.03011
2006  4060.28  2291.57  1.41917
2007  1983.45  2218.02  -0.228479
2008  3774.11  2103.86  1.25977
2009  1949.61  2073.29  -0.191311

Input effective sample sizes by index (row=index, column=year)
 12 12 12 12 12 12 12 12 12 12 12 12 12 12 12 12 12 12 12 12 12 12 12 12 12 12 12 12 12 12 12 12 12 12 12 12 12
 12 12 12 12 12 12 12 12 12 12 12 12 12 12 12 12 12 12 12 12 12 12 12 12 12 12 12 12 12 12 12 12 12 12 12 12 12
Estimated effective sample sizes by index (row=index, column=year)
 29.9327 36.8827 3.61474 7.29954 4.07343 6.55378 24.0993 3.80637 1.20749 10.5546 26.7315 4.47155 5.5973 23.594 2.13151 0.495233 6.54528 2.53866 7.26111 2.52948 3.72679 1.57843 3.14384 3.28957 2.47706 4.53981 2.46691 3.71938 2.13986 8.05854 14.4526 3.70239 2.76924 3.77597 12.7735 5.20628 15.2519
 198.333 63.9124 46.1649 56.2492 20.7497 8.36669 21.9043 6.16965 9.22025 16.7331 24.563 70.3964 22.3309 107.201 110.072 146.301 6.22922 13.4128 5.02292 3.74299 5.97555 203.518 10.9752 6.353 3.75775 68.7624 10.5628 6.41643 25.8925 26.1801 2.49947 13.2263 49.3488 75.476 10.9569 82.9525 19.1014

Index proportions at age by index
 Index number 1
Year 1973 Obs  =  0.0198451 0.120089 0.328147 0.184446 0.143075 0.204398
Year 1973 Pred =  0.122808 0.177837 0.330852 0.168582 0.0966135 0.103307
Year 1974 Obs  =  0.0323298 0.136895 0.16135 0.31115 0.189779 0.168497
Year 1974 Pred =  0.118585 0.213837 0.13887 0.245254 0.127555 0.1559
Year 1975 Obs  =  0.0856282 0.312654 0.0932841 0.120837 0.216884 0.170713
Year 1975 Pred =  0.472857 0.146951 0.105763 0.0554264 0.0999145 0.119088
Year 1976 Obs  =  0.00317032 0.723716 0.0976154 0.0468649 0.0445141 0.0841196
Year 1976 Pred =  0.220453 0.518901 0.0749963 0.0499821 0.0267364 0.108932
Year 1977 Obs  =  0.219988 0.235979 0.416121 0.038011 0.0237893 0.066112
Year 1977 Pred =  0.539944 0.1693 0.193381 0.027098 0.0184338 0.0518436
Year 1978 Obs  =  0.163612 0.634234 0.112641 0.0480981 0.0156262 0.0257877
Year 1978 Pred =  0.404652 0.448321 0.0580575 0.0582679 0.00833403 0.0223678
Year 1979 Obs  =  0.166619 0.492719 0.26245 0.0472567 0.0205789 0.010376
Year 1979 Pred =  0.305056 0.480558 0.184741 0.0133853 0.0105224 0.00573677
Year 1980 Obs  =  0.0450794 0.441312 0.299064 0.188574 0.0185713 0.00739997
Year 1980 Pred =  0.412414 0.342317 0.196136 0.0435477 0.00248483 0.00310126
Year 1981 Obs  =  0.0314469 0.676331 0.175683 0.0906099 0.0217581 0.00417067
Year 1981 Pred =  0.584036 0.280135 0.0929029 0.0354515 0.0066009 0.000873291
Year 1982 Obs  =  0.00781571 0.688143 0.223391 0.0560099 0.0183577 0.00628276
Year 1982 Pred =  0.201601 0.633336 0.123301 0.0296362 0.00997458 0.00215116
Year 1983 Obs  =  0.00217755 0.355656 0.589323 0.0400614 0.0115651 0.00121683
Year 1983 Pred =  0.0716647 0.394185 0.460006 0.0576359 0.011634 0.00487479
Year 1984 Obs  =  0.00932379 0.110034 0.218891 0.530741 0.0806514 0.0503592
Year 1984 Pred =  0.219878 0.189075 0.34253 0.220331 0.0217825 0.00640373
Year 1985 Obs  =  0.0734474 0.443816 0.111607 0.132179 0.196384 0.042568
Year 1985 Pred =  0.376378 0.389272 0.102769 0.0863206 0.0400134 0.00524707
Year 1986 Obs  =  0.00387138 0.688603 0.217933 0.056306 0.0295353 0.00375174
Year 1986 Pred =  0.134093 0.614581 0.200736 0.0258944 0.016074 0.00862124
Year 1987 Obs  =  0 0.0906324 0.73468 0.174688 0 0
Year 1987 Pred =  0.371384 0.222464 0.339379 0.0561168 0.00538217 0.0052736
Year 1988 Obs  =  0.197465 0.292743 0.102191 0.142559 0.241389 0.0236525
Year 1988 Pred =  0.849215 0.105079 0.0225045 0.0200414 0.00264306 0.000517038
Year 1989 Obs  =  0.0134577 0.932524 0.0446138 0.00940397 0 0
Year 1989 Pred =  0.187003 0.769972 0.0348751 0.00445361 0.003183 0.000513852
Year 1990 Obs  =  0.00491306 0.0266775 0.843523 0.121401 0.00348479 0
Year 1990 Pred =  0.0861747 0.362658 0.533468 0.0148159 0.001559 0.00132433
Year 1991 Obs  =  0.0301034 0.0733666 0.309697 0.512925 0.0664961 0.00741182
Year 1991 Pred =  0.0600197 0.268439 0.374073 0.290071 0.00616187 0.00123457
Year 1992 Obs  =  0.00879786 0.0226467 0.255114 0.713442 0 0
Year 1992 Pred =  0.136608 0.201988 0.303954 0.222779 0.131245 0.00342657
Year 1993 Obs  =  0.0181995 0.283464 0.125388 0.493836 0.0791121 0
Year 1993 Pred =  0.300478 0.276742 0.15589 0.138184 0.0795802 0.0491258
Year 1994 Obs  =  0 0.721072 0.0439936 0 0.183448 0.0514863
Year 1994 Pred =  0.467969 0.295969 0.112751 0.0480744 0.038435 0.0368023
Year 1995 Obs  =  0.0110037 0.815832 0.0476576 0.0643512 0.0130507 0.0481046
Year 1995 Pred =  0.312593 0.492746 0.129884 0.0335332 0.0119613 0.019283
Year 1996 Obs  =  0 0.16995 0.557214 0.242165 0.0306704 0
Year 1996 Pred =  0.244571 0.384195 0.27857 0.0627102 0.0152667 0.0146878
Year 1997 Obs  =  0.0212567 0.357553 0.462065 0.132015 0.0271112 0
Year 1997 Pred =  0.449154 0.252982 0.169909 0.0977438 0.0202481 0.00996311
Year 1998 Obs  =  0.0184075 0.817895 0.104595 0.0436838 0.00984633 0.00557223
Year 1998 Pred =  0.256931 0.531863 0.120081 0.0553179 0.0271799 0.00862799
Year 1999 Obs  =  0.0115812 0.21242 0.630265 0.113956 0.0242937 0.00748371
Year 1999 Pred =  0.369987 0.308584 0.254914 0.0400309 0.0159194 0.0105657
Year 2000 Obs  =  0.00668352 0.403184 0.516162 0.0684848 0.00548595 0
Year 2000 Pred =  0.214758 0.507574 0.165932 0.0913746 0.0121168 0.00824403
Year 2001 Obs  =  0 0.0440601 0.736538 0.152541 0.0522797 0.0145814
Year 2001 Pred =  0.230347 0.352532 0.311815 0.0668887 0.0312544 0.00716266
Year 2002 Obs  =  0.0280158 0.683831 0.135028 0.114726 0.0383989 0
Year 2002 Pred =  0.144403 0.439402 0.251487 0.129913 0.0219076 0.0128879
Year 2003 Obs  =  0.0688254 0.167473 0.452382 0.239083 0.0722367 0
Year 2003 Pred =  0.206156 0.252209 0.325717 0.136875 0.0619807 0.0170624
Year 2004 Obs  =  0.0271103 0.226578 0.486959 0.137058 0.090288 0.0320077
Year 2004 Pred =  0.324668 0.282885 0.149928 0.151006 0.0574886 0.0340234
Year 2005 Obs  =  0.214711 0.300087 0.141208 0.0984027 0.222562 0.0230291
Year 2005 Pred =  0.609291 0.220889 0.0849444 0.0345532 0.0310079 0.0193144
Year 2006 Obs  =  0.0251601 0.793738 0.112273 0.0530311 0 0.0157978
Year 2006 Pred =  0.323684 0.528554 0.0899202 0.0296126 0.0113043 0.0169253
Year 2007 Obs  =  0 0.396358 0.543565 0.0600765 0 0
Year 2007 Pred =  0.111108 0.447694 0.353904 0.0537585 0.016903 0.0166328
Year 2008 Obs  =  0 0.0393185 0.541915 0.379794 0.038973 0
Year 2008 Pred =  0.241484 0.156683 0.3136 0.231792 0.0343599 0.0220824
Year 2009 Obs  =  0.0394994 0.241036 0.218994 0.335979 0.152724 0.0117682
Year 2009 Pred =  0.156152 0.335537 0.109656 0.2089 0.151758 0.0379965
 Index number 2
Year 1973 Obs  =  0.119324 0.150538 0.340303 0.18644 0.132132 0.071264
Year 1973 Pred =  0.127848 0.180801 0.323761 0.16671 0.0964526 0.104427
Year 1974 Obs  =  0.143825 0.226914 0.0805289 0.316983 0.134204 0.0975437
Year 1974 Pred =  0.144773 0.228782 0.128332 0.229035 0.120257 0.148821
Year 1975 Obs  =  0.571739 0.157148 0.0579031 0.0870644 0.0831009 0.0430439
Year 1975 Pred =  0.489658 0.146169 0.0995954 0.0527453 0.095989 0.115843
Year 1976 Obs  =  0.274768 0.58828 0.048958 0.00646431 0.0102111 0.071319
Year 1976 Pred =  0.222479 0.518657 0.0731747 0.0492828 0.0266139 0.109792
Year 1977 Obs  =  0.510178 0.324685 0.127419 0.00740478 0.0063383 0.0239741
Year 1977 Pred =  0.547576 0.168897 0.187049 0.0264873 0.0181904 0.0517999
Year 1978 Obs  =  0.277989 0.637789 0.0395617 0.0315021 0.00320452 0.00995354
Year 1978 Pred =  0.459707 0.445021 0.0413069 0.0351153 0.00507047 0.0137792
Year 1979 Obs  =  0.224595 0.493926 0.237504 0.0361866 0.0039531 0.00383438
Year 1979 Pred =  0.354955 0.490271 0.136069 0.00838095 0.00665132 0.00367169
Year 1980 Obs  =  0.224752 0.566796 0.147518 0.0609345 0 0
Year 1980 Pred =  0.459931 0.348458 0.156738 0.0308495 0.00177707 0.00224571
Year 1981 Obs  =  0.456806 0.461127 0.0657022 0.00959521 0.00556436 0.00120465
Year 1981 Pred =  0.61292 0.27715 0.0771755 0.0269994 0.00507514 0.000679847
Year 1982 Obs  =  0.0807355 0.712466 0.175838 0.0214155 0.00954477 0
Year 1982 Pred =  0.225115 0.646111 0.098938 0.0211007 0.00716958 0.00156559
Year 1983 Obs  =  0.098224 0.584359 0.290064 0.0240021 0.00198149 0.00136901
Year 1983 Pred =  0.095525 0.461257 0.389607 0.0415512 0.0084673 0.00359235
Year 1984 Obs  =  0.315164 0.278223 0.333711 0.0729019 0 0
Year 1984 Pred =  0.330932 0.23573 0.273892 0.141164 0.0140891 0.00419387
Year 1985 Obs  =  0.58855 0.297584 0.075863 0.038003 0 0
Year 1985 Pred =  0.458122 0.398881 0.0698492 0.0478061 0.0223718 0.00297042
Year 1986 Obs  =  0.173763 0.602503 0.169521 0.0486617 0.00555047 0
Year 1986 Pred =  0.169641 0.65707 0.1435 0.0151442 0.00949056 0.005154
Year 1987 Obs  =  0.498792 0.24245 0.211192 0.0194377 0.0163604 0.0117682
Year 1987 Pred =  0.449868 0.238199 0.266814 0.037823 0.00366223 0.00363331
Year 1988 Obs  =  0.872351 0.0634683 0.0281498 0.0281116 0.00263981 0.00527961
Year 1988 Pred =  0.875121 0.0960972 0.0152371 0.0116814 0.00155525 0.000308051
Year 1989 Obs  =  0.00190176 0.863039 0.119851 0.0142636 0.000944549 0
Year 1989 Pred =  0.20526 0.762793 0.0264948 0.00296435 0.00213885 0.000349614
Year 1990 Obs  =  0.0049042 0.351089 0.596556 0.047451 0 0
Year 1990 Pred =  0.118717 0.429944 0.439162 0.0101686 0.00108021 0.000929098
Year 1991 Obs  =  0.20822 0.0898802 0.566416 0.135484 0 0
Year 1991 Pred =  0.0914598 0.350503 0.336126 0.21633 0.00463928 0.000941154
Year 1992 Obs  =  0.305953 0.0435895 0.130785 0.519673 0 0
Year 1992 Pred =  0.196021 0.253757 0.274847 0.17099 0.101697 0.00268837
Year 1993 Obs  =  0.559584 0.0470531 0.218863 0.1745 0 0
Year 1993 Pred =  0.333506 0.293739 0.143137 0.118068 0.0686445 0.0429059
Year 1994 Obs  =  0.496639 0.300738 0.0720595 0.0782009 0.0355928 0.0167699
Year 1994 Pred =  0.521885 0.300811 0.0896727 0.033839 0.0273122 0.0264796
Year 1995 Obs  =  0.114922 0.533324 0.212714 0.0954239 0 0.0436166
Year 1995 Pred =  0.321842 0.499164 0.120774 0.0298887 0.010763 0.0175687
Year 1996 Obs  =  0.482733 0.173197 0.34407 0 0 0
Year 1996 Pred =  0.262389 0.399272 0.257231 0.0546109 0.0134218 0.0130746
Year 1997 Obs  =  0.265647 0.167671 0.471445 0.0875939 0.00764327 0
Year 1997 Pred =  0.502073 0.261163 0.141102 0.0728399 0.0152332 0.00758941
Year 1998 Obs  =  0.328991 0.598934 0.0456372 0.0179634 0 0.00847493
Year 1998 Pred =  0.283781 0.546236 0.100628 0.0418949 0.0207811 0.00667941
Year 1999 Obs  =  0.630119 0.199403 0.142041 0.0142187 0.0142187 0
Year 1999 Pred =  0.419795 0.321002 0.210097 0.0293824 0.0117963 0.00792728
Year 2000 Obs  =  0.0222849 0.753349 0.13677 0.0772468 0 0.0103488
Year 2000 Pred =  0.244974 0.532476 0.138814 0.0682957 0.00914283 0.00629854
Year 2001 Obs  =  0.317228 0.496389 0.128702 0.0576805 0 0
Year 2001 Pred =  0.290692 0.389624 0.248203 0.0452076 0.0213253 0.00494841
Year 2002 Obs  =  0.0845937 0.583246 0.285288 0.0468723 0 0
Year 2002 Pred =  0.165669 0.473371 0.225631 0.10642 0.0181173 0.0107916
Year 2003 Obs  =  0.687923 0.00486205 0.157919 0.134709 0 0.0145861
Year 2003 Pred =  0.23195 0.27214 0.305839 0.119951 0.0548355 0.0152845
Year 2004 Obs  =  0.26624 0.371086 0 0.0871631 0.181485 0.0940253
Year 2004 Pred =  0.36239 0.299606 0.135145 0.125637 0.0482869 0.0289356
Year 2005 Obs  =  0.716918 0.176092 0.0703533 0.0184575 0.0181799 0
Year 2005 Pred =  0.624827 0.222197 0.0779345 0.0302912 0.0274426 0.0173078
Year 2006 Obs  =  0.337416 0.608829 0.0483145 0.00544052 0 0
Year 2006 Pred =  0.329177 0.533111 0.0846443 0.0269426 0.0103832 0.015741
Year 2007 Obs  =  0.129778 0.648543 0.206362 0 0.0153167 0
Year 2007 Pred =  0.112611 0.45637 0.346651 0.0516426 0.0163927 0.0163327
Year 2008 Obs  =  0.324301 0.119845 0.326725 0.2036 0.0179777 0.00755143
Year 2008 Pred =  0.244828 0.1605 0.311627 0.226974 0.033967 0.0221034
Year 2009 Obs  =  0.224905 0.371765 0.222819 0.167508 0.0130026 0
Year 2009 Pred =  0.155305 0.339471 0.109152 0.20636 0.151344 0.0383674

Index Selectivity at Age
 0.5 1 1 1 1 1
 0.5 1 1 1 1 1

Deviations section: only applicable if associated lambda > 0
Nyear1 observed, expected, standardized residual
N/A

Fleet Obs, Initial, and Stadardized Residual for Fmult
N/A

Standardized Residuals for Fmult_devs by fleet and year
N/A

Index Obs, Initial, and Standardized Residual for q_year1
N/A

Standardized Residuals for catchability deviations by index and year
N/A

Obs, Initial, and Stadardized Residual for SR steepness
N/A

Obs, Initial, and Stadardized Residual for SR scaler
N/A

End of Deviations Section

Selectivity by age and year for each fleet
 fleet 1 selectivity at age
 0.5 0.75 1 1 1 1
 0.5 0.75 1 1 1 1
 0.5 0.75 1 1 1 1
 0.5 0.75 1 1 1 1
 0.5 0.75 1 1 1 1
 0.01 0.25 0.75 1 1 1
 0.01 0.25 0.75 1 1 1
 0.01 0.25 0.75 1 1 1
 0.01 0.25 0.75 1 1 1
 0.01 0.25 0.75 1 1 1
 0.01 0.25 0.75 1 1 1
 0.01 0.25 0.75 1 1 1
 0.01 0.25 0.75 1 1 1
 0.01 0.25 0.75 1 1 1
 0.01 0.25 0.75 1 1 1
 0.01 0.25 0.75 1 1 1
 0.01 0.25 0.75 1 1 1
 0.01 0.25 0.75 1 1 1
 0.01 0.25 0.75 1 1 1
 0.01 0.25 0.75 1 1 1
 0.01 0.25 0.75 1 1 1
 0.01 0.25 0.75 1 1 1
 0.01 0.25 0.75 1 1 1
 0.01 0.25 0.75 1 1 1
 0.01 0.25 0.75 1 1 1
 0.01 0.25 0.75 1 1 1
 0.01 0.25 0.75 1 1 1
 0.01 0.25 0.75 1 1 1
 0.01 0.25 0.75 1 1 1
 0.01 0.25 0.75 1 1 1
 0.01 0.25 0.75 1 1 1
 0.01 0.25 0.75 1 1 1
 0.01 0.25 0.75 1 1 1
 0.01 0.25 0.75 1 1 1
 0.01 0.25 0.75 1 1 1
 0.01 0.25 0.75 1 1 1
 0.01 0.25 0.75 1 1 1

Fmult by year for each fleet
1973   0.46556
1974   1.33181
1975   0.59798
1976   0.352966
1977   0.407321
1978   1.41207
1979   1.38321
1980   1.04805
1981   0.779036
1982   1.04044
1983   1.37295
1984   1.85666
1985   1.72214
1986   1.69002
1987   1.31563
1988   1.28253
1989   1.14184
1990   1.53891
1991   1.57484
1992   1.39532
1993   0.659815
1994   1.06097
1995   0.422657
1996   0.552758
1997   0.950435
1998   0.893593
1999   1.01122
2000   0.985375
2001   1.39281
2002   0.811817
2003   0.636116
2004   0.724937
2005   0.448125
2006   0.356205
2007   0.239595
2008   0.20153
2009   0.145047

Directed F by age and year for each fleet
 fleet 1 directed F at age
 0.23278 0.34917 0.46556 0.46556 0.46556 0.46556
 0.665905 0.998858 1.33181 1.33181 1.33181 1.33181
 0.29899 0.448485 0.59798 0.59798 0.59798 0.59798
 0.176483 0.264725 0.352966 0.352966 0.352966 0.352966
 0.20366 0.30549 0.407321 0.407321 0.407321 0.407321
 0.0141207 0.353018 1.05905 1.41207 1.41207 1.41207
 0.0138321 0.345804 1.03741 1.38321 1.38321 1.38321
 0.0104805 0.262013 0.78604 1.04805 1.04805 1.04805
 0.00779036 0.194759 0.584277 0.779036 0.779036 0.779036
 0.0104044 0.260109 0.780327 1.04044 1.04044 1.04044
 0.0137295 0.343237 1.02971 1.37295 1.37295 1.37295
 0.0185666 0.464165 1.3925 1.85666 1.85666 1.85666
 0.0172214 0.430534 1.2916 1.72214 1.72214 1.72214
 0.0169002 0.422504 1.26751 1.69002 1.69002 1.69002
 0.0131563 0.328908 0.986723 1.31563 1.31563 1.31563
 0.0128253 0.320632 0.961895 1.28253 1.28253 1.28253
 0.0114184 0.285459 0.856377 1.14184 1.14184 1.14184
 0.0153891 0.384726 1.15418 1.53891 1.53891 1.53891
 0.0157484 0.393711 1.18113 1.57484 1.57484 1.57484
 0.0139532 0.348829 1.04649 1.39532 1.39532 1.39532
 0.00659815 0.164954 0.494861 0.659815 0.659815 0.659815
 0.0106097 0.265243 0.795729 1.06097 1.06097 1.06097
 0.00422657 0.105664 0.316993 0.422657 0.422657 0.422657
 0.00552758 0.13819 0.414569 0.552758 0.552758 0.552758
 0.00950435 0.237609 0.712826 0.950435 0.950435 0.950435
 0.00893593 0.223398 0.670195 0.893593 0.893593 0.893593
 0.0101122 0.252806 0.758417 1.01122 1.01122 1.01122
 0.00985375 0.246344 0.739031 0.985375 0.985375 0.985375
 0.0139281 0.348203 1.04461 1.39281 1.39281 1.39281
 0.00811817 0.202954 0.608862 0.811817 0.811817 0.811817
 0.00636116 0.159029 0.477087 0.636116 0.636116 0.636116
 0.00724937 0.181234 0.543703 0.724937 0.724937 0.724937
 0.00448125 0.112031 0.336094 0.448125 0.448125 0.448125
 0.00356205 0.0890512 0.267154 0.356205 0.356205 0.356205
 0.00239595 0.0598987 0.179696 0.239595 0.239595 0.239595
 0.0020153 0.0503825 0.151147 0.20153 0.20153 0.20153
 0.00145047 0.0362619 0.108786 0.145047 0.145047 0.145047
Discard F by age and year for each fleet
 fleet 1 Discard F at age
 0 0 0 0 0 0
 0 0 0 0 0 0
 0 0 0 0 0 0
 0 0 0 0 0 0
 0 0 0 0 0 0
 0 0 0 0 0 0
 0 0 0 0 0 0
 0 0 0 0 0 0
 0 0 0 0 0 0
 0 0 0 0 0 0
 0 0 0 0 0 0
 0 0 0 0 0 0
 0 0 0 0 0 0
 0 0 0 0 0 0
 0 0 0 0 0 0
 0 0 0 0 0 0
 0 0 0 0 0 0
 0 0 0 0 0 0
 0 0 0 0 0 0
 0 0 0 0 0 0
 0 0 0 0 0 0
 0 0 0 0 0 0
 0 0 0 0 0 0
 0 0 0 0 0 0
 0 0 0 0 0 0
 0 0 0 0 0 0
 0 0 0 0 0 0
 0 0 0 0 0 0
 0 0 0 0 0 0
 0 0 0 0 0 0
 0 0 0 0 0 0
 0 0 0 0 0 0
 0 0 0 0 0 0
 0 0 0 0 0 0
 0 0 0 0 0 0
 0 0 0 0 0 0
 0 0 0 0 0 0
Total F
 0.23278 0.34917 0.46556 0.46556 0.46556 0.46556
 0.665905 0.998858 1.33181 1.33181 1.33181 1.33181
 0.29899 0.448485 0.59798 0.59798 0.59798 0.59798
 0.176483 0.264725 0.352966 0.352966 0.352966 0.352966
 0.20366 0.30549 0.407321 0.407321 0.407321 0.407321
 0.0141207 0.353018 1.05905 1.41207 1.41207 1.41207
 0.0138321 0.345804 1.03741 1.38321 1.38321 1.38321
 0.0104805 0.262013 0.78604 1.04805 1.04805 1.04805
 0.00779036 0.194759 0.584277 0.779036 0.779036 0.779036
 0.0104044 0.260109 0.780327 1.04044 1.04044 1.04044
 0.0137295 0.343237 1.02971 1.37295 1.37295 1.37295
 0.0185666 0.464165 1.3925 1.85666 1.85666 1.85666
 0.0172214 0.430534 1.2916 1.72214 1.72214 1.72214
 0.0169002 0.422504 1.26751 1.69002 1.69002 1.69002
 0.0131563 0.328908 0.986723 1.31563 1.31563 1.31563
 0.0128253 0.320632 0.961895 1.28253 1.28253 1.28253
 0.0114184 0.285459 0.856377 1.14184 1.14184 1.14184
 0.0153891 0.384726 1.15418 1.53891 1.53891 1.53891
 0.0157484 0.393711 1.18113 1.57484 1.57484 1.57484
 0.0139532 0.348829 1.04649 1.39532 1.39532 1.39532
 0.00659815 0.164954 0.494861 0.659815 0.659815 0.659815
 0.0106097 0.265243 0.795729 1.06097 1.06097 1.06097
 0.00422657 0.105664 0.316993 0.422657 0.422657 0.422657
 0.00552758 0.13819 0.414569 0.552758 0.552758 0.552758
 0.00950435 0.237609 0.712826 0.950435 0.950435 0.950435
 0.00893593 0.223398 0.670195 0.893593 0.893593 0.893593
 0.0101122 0.252806 0.758417 1.01122 1.01122 1.01122
 0.00985375 0.246344 0.739031 0.985375 0.985375 0.985375
 0.0139281 0.348203 1.04461 1.39281 1.39281 1.39281
 0.00811817 0.202954 0.608862 0.811817 0.811817 0.811817
 0.00636116 0.159029 0.477087 0.636116 0.636116 0.636116
 0.00724937 0.181234 0.543703 0.724937 0.724937 0.724937
 0.00448125 0.112031 0.336094 0.448125 0.448125 0.448125
 0.00356205 0.0890512 0.267154 0.356205 0.356205 0.356205
 0.00239595 0.0598987 0.179696 0.239595 0.239595 0.239595
 0.0020153 0.0503825 0.151147 0.20153 0.20153 0.20153
 0.00145047 0.0362619 0.108786 0.145047 0.145047 0.145047

Average F for ages 1 to 6
Freport unweighted in .std and MCMC files
year    unweighted   Nweighted    Bweighted
1973  0.407365  0.397231  0.420352
1974  1.16533  1.14112  1.21442
1975  0.523232  0.3933  0.443463
1976  0.308845  0.251893  0.272607
1977  0.356405  0.25393  0.282293
1978  0.943733  0.290001  0.424991
1979  0.924448  0.345672  0.476236
1980  0.700449  0.236518  0.337758
1981  0.520656  0.102721  0.209528
1982  0.695358  0.272558  0.334861
1983  0.917588  0.707699  0.808985
1984  1.24087  0.978382  1.22702
1985  1.15096  0.469478  0.700902
1986  1.12949  0.58751  0.727869
1987  0.87928  0.416691  0.507214
1988  0.857155  0.0662478  0.0744661
1989  0.763127  0.229171  0.323303
1990  1.0285  0.7729  0.87889
1991  1.05252  1.02924  1.1861
1992  0.932537  0.853422  1.12147
1993  0.440976  0.246952  0.451367
1994  0.709083  0.236188  0.594853
1995  0.282476  0.0962088  0.210698
1996  0.369427  0.185469  0.309378
1997  0.635207  0.237807  0.476985
1998  0.597218  0.24241  0.382228
1999  0.675834  0.276478  0.522142
2000  0.658559  0.320557  0.485927
2001  0.930863  0.544339  0.81127
2002  0.542564  0.348433  0.494875
2003  0.425137  0.290406  0.45815
2004  0.4845  0.253216  0.475044
2005  0.299497  0.062603  0.191211
2006  0.238063  0.0722201  0.143984
2007  0.160129  0.101412  0.142485
2008  0.134689  0.0926948  0.139577
2009  0.0969401  0.0713468  0.109271

Population Numbers at the Start of the Year
 36560.5 26787.1 50796.1 25747.1 14685.6 15605.6
 20060.7 19320.9 13500.8 23718.6 12277.4 14912.6
 43361.7 6874.78 5085.18 2651.01 4756.2 5633.73
 18135.9 21447.1 3137.34 2079.96 1107.34 4483.64
 64145 10139.2 11761.9 1639.53 1110.03 3102.49
 58890.5 34900 5338.37 5821.41 828.688 2210.32
 46040 38727.8 17522.2 1376.95 1077.32 583.701
 69719.7 30285.8 19584.8 4618.44 262.279 325.314
 186298 46016.6 16654.2 6637.37 1229.99 161.716
 75024.6 123292 27065 6905.97 2313.31 495.801
 16871.2 49521.8 67928.1 9224.99 1853.27 771.724
 23495.4 11099.3 25107.7 18042.6 1775.3 518.671
 27292.8 15382.6 4986.4 4639.83 2140.58 278.958
 7177.79 17892.8 7147.08 1019.3 629.734 335.66
 14776.2 4707.19 8380.41 1496.59 142.858 139.108
 148103 9726.6 2421.01 2323.73 305.001 59.2946
 45003.5 97522.6 5044.17 688.176 489.509 78.5343
 13082.8 29675.5 52385.3 1593.38 166.869 140.871
 3556.82 8592.7 14434.1 12285.8 259.747 51.7189
 2955.61 2335.25 4142.1 3295.19 1932.09 50.1302
 4128.23 1944.01 1177.38 1081.9 620.113 380.427
 8257.64 2735.33 1177.98 533.887 424.816 404.245
 6858.4 5449.53 1499.32 395.371 140.36 224.874
 5707.8 4555.1 3503.86 812.22 196.796 188.159
 12919.4 3785.99 2835.05 1721.67 354.963 173.576
 7952.02 8535.4 2133.36 1033.79 505.535 159.481
 12069.6 5256.63 4878.43 811.804 321.306 211.928
 6467.03 7969.13 2917.37 1699.62 224.311 151.67
 5223.33 4271.06 4451.46 1036.3 481.924 109.759
 2188.22 3435.66 2154.72 1164.88 195.507 114.3
 2317.69 1447.69 2004.22 871.794 392.902 107.489
 3434.51 1536.05 882.445 925.119 350.527 206.165
 12425.8 2274.19 915.74 381.074 340.354 210.686
 10063.7 8250.64 1452.95 486.696 184.91 275.139
 3329.38 6688.4 5393.74 827.324 258.898 253.178
 6863.89 2215.3 4501.8 3351.95 494.527 315.85
 4288.99 4568.84 1505.32 2878.67 2081.34 517.882

Biomass Time Series
Year, TotJan1B, SSB, ExploitableB
1973  51256.9  31145.3  49381.1
1974  33265.6  14777  32849
1975  17132.1  6045.27  14052.6
1976  14217.7  6315.39  12307.1
1977  21427.7  6548.19  16606.2
1978  27207.9  7036.6  9337.79
1979  24691.1  8302.96  9460.92
1980  28835.8  9056.44  10700.6
1981  38451.9  10750.2  11531
1982  52213.4  19472.9  20827.4
1983  40432.4  20059.3  26977.2
1984  20578.7  7700.38  14460.8
1985  11557.2  3481.83  5556.35
1986  8228.58  3240.89  4115.09
1987  7766.18  2468.27  3337.28
1988  49302.1  2446.67  3212.03
1989  27055.8  9204.15  7105.5
1990  20130.3  10216.5  14122.3
1991  10161  4977.46  8503.42
1992  3934.68  2268.94  4083.23
1993  2303.59  1370.08  1795.98
1994  1900.24  840.6  1120.91
1995  1758.43  1045.85  1075.21
1996  2636.68  1753.34  1983.66
1997  3920.49  1679.9  2240.44
1998  4102.67  1843.28  2125.46
1999  4739.72  2288.52  2898.91
2000  4629.72  2285.58  2840.13
2001  4146.51  1979.52  2798.5
2002  2653.51  1538.22  1898.7
2003  1984.71  1308.34  1620.21
2004  1701.75  956.185  1274.46
2005  2129.49  929.758  1043.43
2006  3051.53  1539.1  1494.11
2007  3719.02  2701.12  2684.5
2008  4565.77  3274.63  3636.98
2009  4439.58  3405.47  3825.75

q by index
 index 1 q over time
1973  0.225419
1974  0.225419
1975  0.225419
1976  0.225419
1977  0.225419
1978  0.225419
1979  0.225419
1980  0.225419
1981  0.225419
1982  0.225419
1983  0.225419
1984  0.225419
1985  0.225419
1986  0.225419
1987  0.225419
1988  0.225419
1989  0.225419
1990  0.225419
1991  0.225419
1992  0.225419
1993  0.225419
1994  0.225419
1995  0.225419
1996  0.225419
1997  0.225419
1998  0.225419
1999  0.225419
2000  0.225419
2001  0.225419
2002  0.225419
2003  0.225419
2004  0.225419
2005  0.225419
2006  0.225419
2007  0.225419
2008  0.225419
2009  0.225419
 index 2 q over time
1973  0.203663
1974  0.203663
1975  0.203663
1976  0.203663
1977  0.203663
1978  0.203663
1979  0.203663
1980  0.203663
1981  0.203663
1982  0.203663
1983  0.203663
1984  0.203663
1985  0.203663
1986  0.203663
1987  0.203663
1988  0.203663
1989  0.203663
1990  0.203663
1991  0.203663
1992  0.203663
1993  0.203663
1994  0.203663
1995  0.203663
1996  0.203663
1997  0.203663
1998  0.203663
1999  0.203663
2000  0.203663
2001  0.203663
2002  0.203663
2003  0.203663
2004  0.203663
2005  0.203663
2006  0.203663
2007  0.203663
2008  0.203663
2009  0.203663

Proportions of catch at age by fleet
 fleet 1
Year 1 Obs  =  0.00545691 0.144785 0.320763 0.216458 0.14188 0.170658
Year 1 Pred =  0.130578 0.140511 0.343518 0.175729 0.101072 0.108592
Year 2 Obs  =  0.0169397 0.555763 0.117739 0.158347 0.0792596 0.0719506
Year 2 Pred =  0.132923 0.172694 0.143909 0.2548 0.132828 0.162846
Year 3 Obs  =  0.444401 0.220404 0.104175 0.0624274 0.0883052 0.0802875
Year 3 Pred =  0.497344 0.114175 0.107415 0.0565025 0.102201 0.122363
Year 4 Obs  =  0.0209783 0.66913 0.128152 0.0355435 0.0488043 0.0973913
Year 4 Pred =  0.25424 0.447089 0.0853364 0.0571093 0.0306644 0.125562
Year 5 Obs  =  0.309764 0.296172 0.304651 0.0316124 0.0173338 0.0404664
Year 5 Pred =  0.566924 0.132455 0.199317 0.028043 0.0191472 0.0541137
Year 6 Obs  =  0.312325 0.525768 0.0862784 0.0586358 0.00985241 0.00714001
Year 6 Pred =  0.0362276 0.474827 0.165115 0.211764 0.0303555 0.0817111
Year 7 Obs  =  0.00653549 0.632045 0.304111 0.0373155 0.01539 0.00460295
Year 7 Pred =  0.0232983 0.434769 0.449553 0.0416363 0.0328049 0.0179386
Year 8 Obs  =  0.0423678 0.445853 0.303951 0.176525 0.0236043 0.00769905
Year 8 Pred =  0.031459 0.314242 0.494872 0.141226 0.00808035 0.0101215
Year 9 Obs  =  0.00184512 0.359635 0.409508 0.158789 0.060292 0.00993108
Year 9 Pred =  0.064324 0.376192 0.350018 0.172885 0.0322911 0.0042898
Year 10 Obs  =  0.00311582 0.669013 0.28135 0.0366404 0.00818395 0.00169595
Year 10 Pred =  0.0147288 0.557049 0.298238 0.0921519 0.0311003 0.00673161
Year 11 Obs  =  0.0355781 0.277899 0.624782 0.0532119 0.00569072 0.00283797
Year 11 Pred =  0.00319342 0.208174 0.653813 0.104728 0.0211876 0.00890461
Year 12 Obs  =  0.0132301 0.165658 0.560028 0.2286 0.024715 0.00776918
Year 12 Pred =  0.00976763 0.0973973 0.463634 0.380431 0.0376715 0.0110987
Year 13 Obs  =  0.132837 0.507877 0.142054 0.128653 0.0724979 0.0160816
Year 13 Pred =  0.0283764 0.342352 0.238873 0.255929 0.118848 0.015622
Year 14 Obs  =  0.0290806 0.662706 0.229467 0.0438627 0.0245907 0.0102922
Year 14 Pred =  0.00864104 0.462644 0.399962 0.0658156 0.0409303 0.0220065
Year 15 Obs  =  0.175854 0.39439 0.288537 0.112927 0.0203659 0.00792683
Year 15 Pred =  0.0223068 0.158783 0.654151 0.13838 0.0133032 0.0130755
Year 16 Obs  =  0.621881 0.236617 0.0627855 0.0592714 0.0156964 0.00374839
Year 16 Pred =  0.22458 0.330728 0.19167 0.218473 0.0288812 0.00566775
Year 17 Obs  =  0.000990723 0.834009 0.142484 0.0202198 0.00216158 0.000135099
Year 17 Pred =  0.0171636 0.846673 0.104722 0.0171564 0.0122935 0.00199146
Year 18 Obs  =  0.00388127 0.0424697 0.903484 0.048056 0.00199672 0.000112176
Year 18 Pred =  0.0039543 0.195729 0.767783 0.0272196 0.00287003 0.00244461
Year 19 Obs  =  0.0244617 0.0899774 0.298054 0.57427 0.0101263 0.00311108
Year 19 Pred =  0.00224201 0.117747 0.436744 0.432219 0.00919974 0.00184811
Year 20 Obs  =  0.063631 0.198457 0.295016 0.396618 0.0436072 0.00266983
Year 20 Pred =  0.0051066 0.0893935 0.361567 0.338707 0.199989 0.00523684
Year 21 Obs  =  0.00684541 0.248716 0.253851 0.40559 0.0827153 0.0022818
Year 21 Pred =  0.014176 0.160139 0.255629 0.294441 0.170131 0.105484
Year 22 Obs  =  0.08353 0.279849 0.254365 0.192072 0.14488 0.0453044
Year 22 Pred =  0.0360013 0.273844 0.28647 0.156952 0.125822 0.120911
Year 23 Obs  =  0.00102564 0.347692 0.281026 0.28 0.0584615 0.0317949
Year 23 Pred =  0.0220732 0.431913 0.329687 0.111625 0.0399629 0.0647386
Year 24 Obs  =  0.00207792 0.255065 0.587532 0.123636 0.0161039 0.0155844
Year 24 Pred =  0.0128167 0.248278 0.51501 0.151239 0.0369468 0.0357093
Year 25 Obs  =  0.00606277 0.0649073 0.542439 0.328103 0.0410128 0.017475
Year 25 Pred =  0.0305183 0.207837 0.386406 0.286362 0.0594919 0.0293846
Year 26 Obs  =  0.00171233 0.421918 0.399315 0.144863 0.0267123 0.00547945
Year 26 Pred =  0.0174518 0.438019 0.274938 0.163405 0.0805247 0.0256621
Year 27 Obs  =  0.0212177 0.133149 0.655597 0.148216 0.0289053 0.0129151
Year 27 Pred =  0.0240145 0.241465 0.549695 0.111044 0.0442826 0.029499
Year 28 Obs  =  0.00556242 0.36063 0.440667 0.172435 0.0176143 0.00309023
Year 28 Pred =  0.0128839 0.367565 0.331767 0.235157 0.0312712 0.021356
Year 29 Obs  =  0 0.155885 0.614074 0.17261 0.0438624 0.0135689
Year 29 Pred =  0.0123721 0.2242 0.533084 0.146162 0.0684484 0.0157332
Year 30 Obs  =  0.00341797 0.187988 0.563477 0.228027 0.0166016 0.000488281
Year 30 Pred =  0.00677269 0.250873 0.401766 0.268376 0.0453965 0.0268151
Year 31 Obs  =  0.00210084 0.163866 0.511905 0.289216 0.0238095 0.00910364
Year 31 Pred =  0.00842538 0.126575 0.46419 0.253681 0.115258 0.0318697
Year 32 Obs  =  0.204641 0.122363 0.244023 0.214487 0.14346 0.0710267
Year 32 Pred =  0.0163956 0.174651 0.260859 0.340659 0.130107 0.0773286
Year 33 Obs  =  0.0431849 0.249663 0.25641 0.226721 0.157895 0.0661269
Year 33 Pred =  0.0586724 0.263696 0.292942 0.156101 0.140594 0.0879952
Year 34 Obs  =  0.0509491 0.353646 0.303696 0.158841 0.0609391 0.0719281
Year 34 Pred =  0.0250089 0.508665 0.252224 0.109249 0.0418621 0.0629915
Year 35 Obs  =  0.00721154 0.223558 0.563301 0.141026 0.0360577 0.0288462
Year 35 Pred =  0.00481439 0.243092 0.566744 0.113857 0.0359411 0.0355519
Year 36 Obs  =  0.0234926 0.0524667 0.358653 0.518403 0.0399374 0.00704777
Year 36 Pred =  0.00859845 0.0700499 0.415146 0.406594 0.0605143 0.0390982
Year 37 Obs  =  0.0152174 0.182609 0.167391 0.345652 0.273913 0.0152174
Year 37 Pred =  0.00549466 0.148688 0.144748 0.366461 0.267315 0.0672929

Proportions of Discards at age by fleet
 fleet 1
Year 1 Obs  =  0 0 0 0 0 0
Year 1 Pred =  1e-015 1e-015 1e-015 1e-015 1e-015 1e-015
Year 2 Obs  =  0 0 0 0 0 0
Year 2 Pred =  1e-015 1e-015 1e-015 1e-015 1e-015 1e-015
Year 3 Obs  =  0 0 0 0 0 0
Year 3 Pred =  1e-015 1e-015 1e-015 1e-015 1e-015 1e-015
Year 4 Obs  =  0 0 0 0 0 0
Year 4 Pred =  1e-015 1e-015 1e-015 1e-015 1e-015 1e-015
Year 5 Obs  =  0 0 0 0 0 0
Year 5 Pred =  1e-015 1e-015 1e-015 1e-015 1e-015 1e-015
Year 6 Obs  =  0 0 0 0 0 0
Year 6 Pred =  1e-015 1e-015 1e-015 1e-015 1e-015 1e-015
Year 7 Obs  =  0 0 0 0 0 0
Year 7 Pred =  1e-015 1e-015 1e-015 1e-015 1e-015 1e-015
Year 8 Obs  =  0 0 0 0 0 0
Year 8 Pred =  1e-015 1e-015 1e-015 1e-015 1e-015 1e-015
Year 9 Obs  =  0 0 0 0 0 0
Year 9 Pred =  1e-015 1e-015 1e-015 1e-015 1e-015 1e-015
Year 10 Obs  =  0 0 0 0 0 0
Year 10 Pred =  1e-015 1e-015 1e-015 1e-015 1e-015 1e-015
Year 11 Obs  =  0 0 0 0 0 0
Year 11 Pred =  1e-015 1e-015 1e-015 1e-015 1e-015 1e-015
Year 12 Obs  =  0 0 0 0 0 0
Year 12 Pred =  1e-015 1e-015 1e-015 1e-015 1e-015 1e-015
Year 13 Obs  =  0 0 0 0 0 0
Year 13 Pred =  1e-015 1e-015 1e-015 1e-015 1e-015 1e-015
Year 14 Obs  =  0 0 0 0 0 0
Year 14 Pred =  1e-015 1e-015 1e-015 1e-015 1e-015 1e-015
Year 15 Obs  =  0 0 0 0 0 0
Year 15 Pred =  1e-015 1e-015 1e-015 1e-015 1e-015 1e-015
Year 16 Obs  =  0 0 0 0 0 0
Year 16 Pred =  1e-015 1e-015 1e-015 1e-015 1e-015 1e-015
Year 17 Obs  =  0 0 0 0 0 0
Year 17 Pred =  1e-015 1e-015 1e-015 1e-015 1e-015 1e-015
Year 18 Obs  =  0 0 0 0 0 0
Year 18 Pred =  1e-015 1e-015 1e-015 1e-015 1e-015 1e-015
Year 19 Obs  =  0 0 0 0 0 0
Year 19 Pred =  1e-015 1e-015 1e-015 1e-015 1e-015 1e-015
Year 20 Obs  =  0 0 0 0 0 0
Year 20 Pred =  1e-015 1e-015 1e-015 1e-015 1e-015 1e-015
Year 21 Obs  =  0 0 0 0 0 0
Year 21 Pred =  1e-015 1e-015 1e-015 1e-015 1e-015 1e-015
Year 22 Obs  =  0 0 0 0 0 0
Year 22 Pred =  1e-015 1e-015 1e-015 1e-015 1e-015 1e-015
Year 23 Obs  =  0 0 0 0 0 0
Year 23 Pred =  1e-015 1e-015 1e-015 1e-015 1e-015 1e-015
Year 24 Obs  =  0 0 0 0 0 0
Year 24 Pred =  1e-015 1e-015 1e-015 1e-015 1e-015 1e-015
Year 25 Obs  =  0 0 0 0 0 0
Year 25 Pred =  1e-015 1e-015 1e-015 1e-015 1e-015 1e-015
Year 26 Obs  =  0 0 0 0 0 0
Year 26 Pred =  1e-015 1e-015 1e-015 1e-015 1e-015 1e-015
Year 27 Obs  =  0 0 0 0 0 0
Year 27 Pred =  1e-015 1e-015 1e-015 1e-015 1e-015 1e-015
Year 28 Obs  =  0 0 0 0 0 0
Year 28 Pred =  1e-015 1e-015 1e-015 1e-015 1e-015 1e-015
Year 29 Obs  =  0 0 0 0 0 0
Year 29 Pred =  1e-015 1e-015 1e-015 1e-015 1e-015 1e-015
Year 30 Obs  =  0 0 0 0 0 0
