Age Structured Assessment Program (ASAP) Version 3.0
Start time for run: Fri Nov 17 11:09:05 2017

obj_fun        = 3670.35

Component                Lambda          obj_fun
__Catch_Fleet_1               1          710.435
Catch_Fleet_Total             1          710.435
Discard_Fleet_Total           0          0
__Index_Fit_1                 1          169.608
__Index_Fit_2                 1          77.9791
Index_Fit_Total               2          247.587
Catch_Age_Comps       see_below          1380.1
Discard_Age_Comps     see_below          0
Index_Age_Comps       see_below          1329.55
__Sel_Param_1                 0          0
__Sel_Param_2                 0          0
__Sel_Param_3                 0          0
__Sel_Param_7                 0          0
__Sel_Param_8                 0          0
__Sel_Param_9                 0          0
__Sel_Param_13                0          0
__Sel_Param_14                0          0
__Sel_Param_15                0          0
__Sel_Param_19                0          0
__Sel_Param_20                0          0
__Sel_Param_21                0          0
__Sel_Param_25                0          0
__Sel_Param_26                0          0
__Sel_Param_27                0          0
__Sel_Param_31                0          0
__Sel_Param_32                0          0
__Sel_Param_33                0          0
Sel_Params_Total              0          0
__Index_Sel_Param_1           0          0
__Index_Sel_Param_2           0          0
__Index_Sel_Param_3           0          0
__Index_Sel_Param_7           0          0
__Index_Sel_Param_8           0          0
__Index_Sel_Param_9           0          0
Index_Sel_Params_Total        0          0
q_year1_Total                 0          0
q_devs_Total                  0          0
__Fmult_year1_fleet_1         0          -0
Fmult_year1_fleet_Total       0          0
Fmult_devs_fleet_Total        0          0
N_year_1                      0          0
Recruit_devs                  0          0
SR_steepness                  0          0
SR_scaler                     0          0
Fmult_Max_penalty          1000          0
F_penalty                     10          2.67772

 Input and Estimated effective sample sizes for fleet 1
1973  18  86.0752
1974  18  3.3852
1975  18  17.1242
1976  18  2.47174
1977  18  17.7196
1978  18  3.52074
1979  18  7.04226
1980  18  14.535
1981  18  52.7734
1982  18  3.25114
1983  18  8.42297
1984  18  18.1134
1985  18  4.87573
1986  18  3.20688
1987  18  10.244
1988  18  1.44231
1989  18  1.63656
1990  18  2.13917
1991  18  4.19033
1992  18  13.9276
1993  18  12.3225
1994  18  25.0266
1995  18  26.988
1996  37  14.2854
1997  37  9.85502
1998  37  19.2636
1999  37  7.97174
2000  37  34.0943
2001  37  11.609
2002  37  18.1797
2003  37  22.074
2004  37  9.18307
2005  37  27.9566
2006  37  31.8567
2007  37  19.5227
2008  37  5.25016
2009  37  6.45834
 Total  932  577.995

 Input and Estimated effective Discard sample sizes for fleet 1
1973  0  0
1974  0  0
1975  0  0
1976  0  0
1977  0  0
1978  0  0
1979  0  0
1980  0  0
1981  0  0
1982  0  0
1983  0  0
1984  0  0
1985  0  0
1986  0  0
1987  0  0
1988  0  0
1989  0  0
1990  0  0
1991  0  0
1992  0  0
1993  0  0
1994  0  0
1995  0  0
1996  0  0
1997  0  0
1998  0  0
1999  0  0
2000  0  0
2001  0  0
2002  0  0
2003  0  0
2004  0  0
2005  0  0
2006  0  0
2007  0  0
2008  0  0
2009  0  0
 Total  0  0

Observed and predicted total fleet catch by year and standardized residual
 fleet 1 total catches
1973  14549  14807.6  -0.0889733
1974  17088  7866.52  3.91715
1975  5732  4659.12  1.04643
1976  3436  3566.86  -0.188736
1977  5223  2784.43  3.17623
1978  8085  1331.98  9.10585
1979  9883  1496.43  9.53199
1980  8021  1917.74  7.22532
1981  6607  1924.57  6.22809
1982  15764  2139.84  10.0837
1983  22211  2149.46  11.7923
1984  11225  1798.09  9.24763
1985  4817  2003.83  4.4288
1986  4620  2074.62  4.04266
1987  2652  2006  1.40966
1988  2782  2327.39  0.900936
1989  8349  2028.16  7.145
1990  17916  1912.88  11.296
1991  6430  1867.79  6.24219
1992  2695  2263.61  0.880817
1993  771  2403.34  -5.74084
1994  735  1854.88  -4.67428
1995  343  1915.26  -8.68439
1996  759  2244.83  -5.47551
1997  1222  2201.28  -2.97183
1998  1087  2204.59  -3.57055
1999  1403  2659.86  -3.22992
2000  1397  2546.13  -3.03091
2001  1449  2576.26  -2.90578
2002  945  2600.29  -5.111
2003  666  2548.3  -6.77579
2004  619  2440.02  -6.92609
2005  346  2380.22  -9.73786
2006  396  2173.69  -8.59799
2007  502  2194.92  -7.44942
2008  583  2277.85  -6.88136
2009  453  2222.5  -8.03109
Observed and predicted total fleet Discards by year and standardized residual
 fleet 1 total Discards
1973  0  0  0
1974  0  0  0
1975  0  0  0
1976  0  0  0
1977  0  0  0
1978  0  0  0
1979  0  0  0
1980  0  0  0
1981  0  0  0
1982  0  0  0
1983  0  0  0
1984  0  0  0
1985  0  0  0
1986  0  0  0
1987  0  0  0
1988  0  0  0
1989  0  0  0
1990  0  0  0
1991  0  0  0
1992  0  0  0
1993  0  0  0
1994  0  0  0
1995  0  0  0
1996  0  0  0
1997  0  0  0
1998  0  0  0
1999  0  0  0
2000  0  0  0
2001  0  0  0
2002  0  0  0
2003  0  0  0
2004  0  0  0
2005  0  0  0
2006  0  0  0
2007  0  0  0
2008  0  0  0
2009  0  0  0

Index data
index number 1
aggregate units = 2
proportions units = 2
month = 4
starting and ending ages for selectivity = 1  6
selectivity choice = -1
 year, obs index, pred index, standardized residual
1973  45993.3  21553.1  3.48645
1974  18318.7  10797.7  1.69292
1975  4839.41  6747.83  -1.16984
1976  5942.61  5239.87  0.415469
1977  6925.37  4668.97  1.04777
1978  18730.7  4789.02  4.96422
1979  5889.55  5769.25  0.0660957
1980  14774.4  6275.87  3.77102
1981  27000.5  6481.43  5.02141
1982  43523.9  6557.84  6.66037
1983  30456.2  6586.85  6.21888
1984  8397.88  6598.02  0.877976
1985  6074.29  6602.33  -0.238785
1986  7020.75  6603.99  0.269536
1987  1593.48  6604.63  -4.29893
1988  2035.3  6604.87  -3.3721
1989  17077.9  6604.97  3.45776
1990  25849.5  6605.01  4.50442
1991  11510  6605.02  2.34689
1992  3741.82  6605.03  -1.93575
1993  1493.45  6605.03  -4.62425
1994  529.85  6605.03  -6.7051
1995  2393.74  6605.03  -3.45746
1996  3908.97  6605.03  -1.54309
1997  4137.04  6605.03  -1.08949
1998  6162.7  6605.03  -0.215596
1999  5117.79  6605.03  -1.12362
2000  4801.36  6605.03  -1.16088
2001  2626.64  6605.03  -2.78803
2002  2910.49  6605.03  -1.83437
2003  750.44  6605.03  -4.96432
2004  1002.58  6605.03  -4.30314
2005  1143.77  6605.03  -5.15829
2006  3334.65  6605.03  -1.50098
2007  2429.57  6605.03  -3.40685
2008  2112.49  6605.03  -1.84907
2009  3367.55  6605.03  -2.15751
index number 2
aggregate units = 2
proportions units = 2
month = 10
starting and ending ages for selectivity = 1  6
selectivity choice = -1
 year, obs index, pred index, standardized residual
1973  17343  11585.6  0.810818
1974  7069.14  5860.04  0.383437
1975  3338  3725.89  -0.198252
1976  10016.5  2924.46  2.86695
1977  5279.03  2618.68  1.70206
1978  8912.42  3134.34  2.99358
1979  7917.85  3765.61  2.53171
1980  6111.82  4049.17  0.921568
1981  24538.3  4157.35  5.22258
1982  35005.5  4197.99  4.41098
1983  27070.6  4213.57  4.61502
1984  6421.5  4219.57  1.11597
1985  1397.52  4221.89  -2.57459
1986  3102.43  4222.78  -0.748508
1987  2330.01  4223.12  -1.21562
1988  5754.22  4223.25  0.909951
1989  11846.9  4223.31  2.55904
1990  5562.57  4223.32  0.641415
1991  2649.75  4223.33  -1.21001
1992  629.04  4223.34  -3.53611
1993  579.77  4223.34  -4.44485
1994  1704.84  4223.34  -1.88667
1995  1389.37  4223.34  -1.59649
1996  1066.77  4223.34  -2.55524
1997  3556.07  4223.34  -0.426658
1998  3107.97  4223.34  -0.637772
1999  2256.89  4223.34  -0.980806
2000  2545.21  4223.34  -0.875921
2001  1413.65  4223.34  -2.0634
2002  3443.4  4223.34  -0.390917
2003  1953.92  4223.34  -1.2984
2004  303.12  4223.34  -6.13442
2005  3025.86  4223.34  -0.955142
2006  4060.28  4223.34  -0.0976865
2007  1983.45  4223.34  -1.5449
2008  3774.11  4223.34  -0.242431
2009  1949.61  4223.34  -2.40427

Input effective sample sizes by index (row=index, column=year)
 12 12 12 12 12 12 12 12 12 12 12 12 12 12 12 12 12 12 12 12 12 12 12 12 12 12 12 12 12 12 12 12 12 12 12 12 12
 12 12 12 12 12 12 12 12 12 12 12 12 12 12 12 12 12 12 12 12 12 12 12 12 12 12 12 12 12 12 12 12 12 12 12 12 12
Estimated effective sample sizes by index (row=index, column=year)
 53.4185 27.7862 17.7937 2.57023 6.35464 5.27358 16.6594 7.66163 4.53871 4.03629 3.1245 2.0882 8.10346 3.99241 1.61069 10.0819 1.72359 1.19466 2.07602 1.21729 2.83958 2.77857 2.42617 2.66847 5.19442 2.56323 2.56543 4.08019 1.52349 4.25491 4.1191 4.15954 14.2346 2.82557 3.63419 1.84701 4.6489
 73.7293 26.3603 6.77316 7.33092 36.876 6.48304 22.2976 17.3811 17.1911 4.32869 7.03063 19.6435 7.45814 10.4818 12.2759 1.61285 2.13374 2.60721 2.79394 2.18372 3.76344 13.6035 10.9284 6.70653 5.21594 10.6673 5.11314 3.1823 45.4675 6.81054 2.44637 10.6659 3.22033 9.85639 6.5311 6.3851 34.7488

Index proportions at age by index
 Index number 1
Year 1973 Obs  =  0.0198451 0.120089 0.328147 0.184446 0.143075 0.204398
Year 1973 Pred =  0.0807773 0.192547 0.300685 0.173534 0.114214 0.138242
Year 1974 Obs  =  0.0323298 0.136895 0.16135 0.31115 0.189779 0.168497
Year 1974 Pred =  0.161238 0.145743 0.154232 0.217882 0.128351 0.192553
Year 1975 Obs  =  0.0856282 0.312654 0.0932841 0.120837 0.216884 0.170713
Year 1975 Pred =  0.25801 0.233215 0.0935873 0.0895933 0.129189 0.196406
Year 1976 Obs  =  0.00317032 0.723716 0.0976154 0.0468649 0.0445141 0.0841196
Year 1976 Pred =  0.332261 0.300332 0.120521 0.0437515 0.0427518 0.160383
Year 1977 Obs  =  0.219988 0.235979 0.416121 0.038011 0.0237893 0.066112
Year 1977 Pred =  0.372889 0.337055 0.135257 0.0491012 0.0181939 0.0875038
Year 1978 Obs  =  0.163612 0.634234 0.112641 0.0480981 0.0156262 0.0257877
Year 1978 Pred =  0.397186 0.359666 0.137958 0.0478703 0.0177379 0.0395815
Year 1979 Obs  =  0.166619 0.492719 0.26245 0.0472567 0.0205789 0.010376
Year 1979 Pred =  0.329701 0.42539 0.164351 0.0476039 0.0147241 0.0182294
Year 1980 Obs  =  0.0450794 0.441312 0.299064 0.188574 0.0185713 0.00739997
Year 1980 Pred =  0.303086 0.39105 0.215268 0.0628039 0.0162152 0.0115765
Year 1981 Obs  =  0.0314469 0.676331 0.175683 0.0906099 0.0217581 0.00417067
Year 1981 Pred =  0.293474 0.378648 0.20844 0.0866464 0.0225333 0.0102575
Year 1982 Obs  =  0.00781571 0.688143 0.223391 0.0560099 0.0183577 0.00628276
Year 1982 Pred =  0.290054 0.374236 0.206012 0.0856368 0.0317318 0.0123294
Year 1983 Obs  =  0.00217755 0.355656 0.589323 0.0400614 0.0115651 0.00121683
Year 1983 Pred =  0.288777 0.372588 0.205105 0.0852597 0.0315921 0.0166783
Year 1984 Obs  =  0.00932379 0.110034 0.218891 0.530741 0.0806514 0.0503592
Year 1984 Pred =  0.288288 0.371957 0.204757 0.0851153 0.0315386 0.0183439
Year 1985 Obs  =  0.0734474 0.443816 0.111607 0.132179 0.196384 0.042568
Year 1985 Pred =  0.2881 0.371715 0.204624 0.0850598 0.031518 0.0189842
Year 1986 Obs  =  0.00387138 0.688603 0.217933 0.056306 0.0295353 0.00375174
Year 1986 Pred =  0.288027 0.371621 0.204572 0.0850384 0.0315101 0.0192307
Year 1987 Obs  =  0 0.0906324 0.73468 0.174688 0 0
Year 1987 Pred =  0.288 0.371585 0.204552 0.0850302 0.0315071 0.0193256
Year 1988 Obs  =  0.197465 0.292743 0.102191 0.142559 0.241389 0.0236525
Year 1988 Pred =  0.287989 0.371571 0.204545 0.085027 0.0315059 0.0193622
Year 1989 Obs  =  0.0134577 0.932524 0.0446138 0.00940397 0 0
Year 1989 Pred =  0.287985 0.371566 0.204542 0.0850258 0.0315054 0.0193763
Year 1990 Obs  =  0.00491306 0.0266775 0.843523 0.121401 0.00348479 0
Year 1990 Pred =  0.287983 0.371564 0.204541 0.0850253 0.0315052 0.0193817
Year 1991 Obs  =  0.0301034 0.0733666 0.309697 0.512925 0.0664961 0.00741182
Year 1991 Pred =  0.287983 0.371563 0.20454 0.0850251 0.0315052 0.0193838
Year 1992 Obs  =  0.00879786 0.0226467 0.255114 0.713442 0 0
Year 1992 Pred =  0.287982 0.371563 0.20454 0.0850251 0.0315052 0.0193846
Year 1993 Obs  =  0.0181995 0.283464 0.125388 0.493836 0.0791121 0
Year 1993 Pred =  0.287982 0.371563 0.20454 0.085025 0.0315051 0.0193849
Year 1994 Obs  =  0 0.721072 0.0439936 0 0.183448 0.0514863
Year 1994 Pred =  0.287982 0.371563 0.20454 0.085025 0.0315051 0.0193851
Year 1995 Obs  =  0.0110037 0.815832 0.0476576 0.0643512 0.0130507 0.0481046
Year 1995 Pred =  0.287982 0.371563 0.20454 0.085025 0.0315051 0.0193851
Year 1996 Obs  =  0 0.16995 0.557214 0.242165 0.0306704 0
Year 1996 Pred =  0.287982 0.371563 0.20454 0.085025 0.0315051 0.0193851
Year 1997 Obs  =  0.0212567 0.357553 0.462065 0.132015 0.0271112 0
Year 1997 Pred =  0.287982 0.371563 0.20454 0.085025 0.0315051 0.0193851
Year 1998 Obs  =  0.0184075 0.817895 0.104595 0.0436838 0.00984633 0.00557223
Year 1998 Pred =  0.287982 0.371563 0.20454 0.085025 0.0315051 0.0193851
Year 1999 Obs  =  0.0115812 0.21242 0.630265 0.113956 0.0242937 0.00748371
Year 1999 Pred =  0.287982 0.371563 0.20454 0.085025 0.0315051 0.0193851
Year 2000 Obs  =  0.00668352 0.403184 0.516162 0.0684848 0.00548595 0
Year 2000 Pred =  0.287982 0.371563 0.20454 0.085025 0.0315051 0.0193851
Year 2001 Obs  =  0 0.0440601 0.736538 0.152541 0.0522797 0.0145814
Year 2001 Pred =  0.287982 0.371563 0.20454 0.085025 0.0315051 0.0193851
Year 2002 Obs  =  0.0280158 0.683831 0.135028 0.114726 0.0383989 0
Year 2002 Pred =  0.287982 0.371563 0.20454 0.085025 0.0315051 0.0193851
Year 2003 Obs  =  0.0688254 0.167473 0.452382 0.239083 0.0722367 0
Year 2003 Pred =  0.287982 0.371563 0.20454 0.085025 0.0315051 0.0193851
Year 2004 Obs  =  0.0271103 0.226578 0.486959 0.137058 0.090288 0.0320077
Year 2004 Pred =  0.287982 0.371563 0.20454 0.085025 0.0315051 0.0193851
Year 2005 Obs  =  0.214711 0.300087 0.141208 0.0984027 0.222562 0.0230291
Year 2005 Pred =  0.287982 0.371563 0.20454 0.085025 0.0315051 0.0193851
Year 2006 Obs  =  0.0251601 0.793738 0.112273 0.0530311 0 0.0157978
Year 2006 Pred =  0.287982 0.371563 0.20454 0.085025 0.0315051 0.0193851
Year 2007 Obs  =  0 0.396358 0.543565 0.0600765 0 0
Year 2007 Pred =  0.287982 0.371563 0.20454 0.085025 0.0315051 0.0193851
Year 2008 Obs  =  0 0.0393185 0.541915 0.379794 0.038973 0
Year 2008 Pred =  0.287982 0.371563 0.20454 0.085025 0.0315051 0.0193851
Year 2009 Obs  =  0.0394994 0.241036 0.218994 0.335979 0.152724 0.0117682
Year 2009 Pred =  0.287982 0.371563 0.20454 0.085025 0.0315051 0.0193851
 Index number 2
Year 1973 Obs  =  0.119324 0.150538 0.340303 0.18644 0.132132 0.071264
Year 1973 Pred =  0.0886591 0.199862 0.290915 0.169668 0.112735 0.138161
Year 1974 Obs  =  0.143825 0.226914 0.0805289 0.316983 0.134204 0.0975437
Year 1974 Pred =  0.175283 0.149837 0.147798 0.210996 0.125481 0.190605
Year 1975 Obs  =  0.571739 0.157148 0.0579031 0.0870644 0.0831009 0.0430439
Year 1975 Pred =  0.275683 0.235662 0.0881478 0.0852766 0.124138 0.191092
Year 1976 Obs  =  0.274768 0.58828 0.048958 0.00646431 0.0102111 0.071319
Year 1976 Pred =  0.351233 0.300244 0.112304 0.0411991 0.040642 0.154378
Year 1977 Obs  =  0.510178 0.324685 0.127419 0.00740478 0.0063383 0.0239741
Year 1977 Pred =  0.392245 0.335303 0.125417 0.0460097 0.0172112 0.0838142
Year 1978 Obs  =  0.277989 0.637789 0.0395617 0.0315021 0.00320452 0.00995354
Year 1978 Pred =  0.427381 0.367323 0.119986 0.0384403 0.0143796 0.0324897
Year 1979 Obs  =  0.224595 0.493926 0.237504 0.0361866 0.0039531 0.00383438
Year 1979 Pred =  0.355734 0.435631 0.143331 0.0383307 0.011969 0.015004
Year 1980 Obs  =  0.224752 0.566796 0.147518 0.0609345 0 0
Year 1980 Pred =  0.330823 0.405125 0.18992 0.0511582 0.0133345 0.00963917
Year 1981 Obs  =  0.456806 0.461127 0.0657022 0.00959521 0.00556436 0.00120465
Year 1981 Pred =  0.322214 0.394583 0.184978 0.0709945 0.0186391 0.00859112
Year 1982 Obs  =  0.0807355 0.712466 0.175838 0.0214155 0.00954477 0
Year 1982 Pred =  0.319095 0.390763 0.183188 0.0703073 0.0263003 0.010347
Year 1983 Obs  =  0.098224 0.584359 0.290064 0.0240021 0.00198149 0.00136901
Year 1983 Pred =  0.317915 0.389318 0.18251 0.0700473 0.026203 0.0140066
Year 1984 Obs  =  0.315164 0.278223 0.333711 0.0729019 0 0
Year 1984 Pred =  0.317462 0.388764 0.182251 0.0699476 0.0261658 0.0154095
Year 1985 Obs  =  0.58855 0.297584 0.075863 0.038003 0 0
Year 1985 Pred =  0.317288 0.388551 0.182151 0.0699093 0.0261514 0.0159491
Year 1986 Obs  =  0.173763 0.602503 0.169521 0.0486617 0.00555047 0
Year 1986 Pred =  0.317221 0.388469 0.182112 0.0698945 0.0261459 0.0161568
Year 1987 Obs  =  0.498792 0.24245 0.211192 0.0194377 0.0163604 0.0117682
Year 1987 Pred =  0.317196 0.388438 0.182097 0.0698888 0.0261438 0.0162368
Year 1988 Obs  =  0.872351 0.0634683 0.0281498 0.0281116 0.00263981 0.00527961
Year 1988 Pred =  0.317186 0.388425 0.182092 0.0698867 0.026143 0.0162677
Year 1989 Obs  =  0.00190176 0.863039 0.119851 0.0142636 0.000944549 0
Year 1989 Pred =  0.317182 0.388421 0.18209 0.0698858 0.0261426 0.0162795
Year 1990 Obs  =  0.0049042 0.351089 0.596556 0.047451 0 0
Year 1990 Pred =  0.31718 0.388419 0.182089 0.0698855 0.0261425 0.0162841
Year 1991 Obs  =  0.20822 0.0898802 0.566416 0.135484 0 0
Year 1991 Pred =  0.31718 0.388418 0.182088 0.0698854 0.0261425 0.0162859
Year 1992 Obs  =  0.305953 0.0435895 0.130785 0.519673 0 0
Year 1992 Pred =  0.31718 0.388418 0.182088 0.0698853 0.0261425 0.0162866
Year 1993 Obs  =  0.559584 0.0470531 0.218863 0.1745 0 0
Year 1993 Pred =  0.317179 0.388418 0.182088 0.0698853 0.0261424 0.0162868
Year 1994 Obs  =  0.496639 0.300738 0.0720595 0.0782009 0.0355928 0.0167699
Year 1994 Pred =  0.317179 0.388418 0.182088 0.0698853 0.0261424 0.0162869
Year 1995 Obs  =  0.114922 0.533324 0.212714 0.0954239 0 0.0436166
Year 1995 Pred =  0.317179 0.388418 0.182088 0.0698853 0.0261424 0.016287
Year 1996 Obs  =  0.482733 0.173197 0.34407 0 0 0
Year 1996 Pred =  0.317179 0.388418 0.182088 0.0698853 0.0261424 0.016287
Year 1997 Obs  =  0.265647 0.167671 0.471445 0.0875939 0.00764327 0
Year 1997 Pred =  0.317179 0.388418 0.182088 0.0698853 0.0261424 0.016287
Year 1998 Obs  =  0.328991 0.598934 0.0456372 0.0179634 0 0.00847493
Year 1998 Pred =  0.317179 0.388418 0.182088 0.0698853 0.0261424 0.016287
Year 1999 Obs  =  0.630119 0.199403 0.142041 0.0142187 0.0142187 0
Year 1999 Pred =  0.317179 0.388418 0.182088 0.0698853 0.0261424 0.016287
Year 2000 Obs  =  0.0222849 0.753349 0.13677 0.0772468 0 0.0103488
Year 2000 Pred =  0.317179 0.388418 0.182088 0.0698853 0.0261424 0.016287
Year 2001 Obs  =  0.317228 0.496389 0.128702 0.0576805 0 0
Year 2001 Pred =  0.317179 0.388418 0.182088 0.0698853 0.0261424 0.016287
Year 2002 Obs  =  0.0845937 0.583246 0.285288 0.0468723 0 0
Year 2002 Pred =  0.317179 0.388418 0.182088 0.0698853 0.0261424 0.016287
Year 2003 Obs  =  0.687923 0.00486205 0.157919 0.134709 0 0.0145861
Year 2003 Pred =  0.317179 0.388418 0.182088 0.0698853 0.0261424 0.016287
Year 2004 Obs  =  0.26624 0.371086 0 0.0871631 0.181485 0.0940253
Year 2004 Pred =  0.317179 0.388418 0.182088 0.0698853 0.0261424 0.016287
Year 2005 Obs  =  0.716918 0.176092 0.0703533 0.0184575 0.0181799 0
Year 2005 Pred =  0.317179 0.388418 0.182088 0.0698853 0.0261424 0.016287
Year 2006 Obs  =  0.337416 0.608829 0.0483145 0.00544052 0 0
Year 2006 Pred =  0.317179 0.388418 0.182088 0.0698853 0.0261424 0.016287
Year 2007 Obs  =  0.129778 0.648543 0.206362 0 0.0153167 0
Year 2007 Pred =  0.317179 0.388418 0.182088 0.0698853 0.0261424 0.016287
Year 2008 Obs  =  0.324301 0.119845 0.326725 0.2036 0.0179777 0.00755143
Year 2008 Pred =  0.317179 0.388418 0.182088 0.0698853 0.0261424 0.016287
Year 2009 Obs  =  0.224905 0.371765 0.222819 0.167508 0.0130026 0
Year 2009 Pred =  0.317179 0.388418 0.182088 0.0698853 0.0261424 0.016287

Index Selectivity at Age
 0.5 1 1 1 1 1
 0.5 1 1 1 1 1

Deviations section: only applicable if associated lambda > 0
Nyear1 observed, expected, standardized residual
N/A

Fleet Obs, Initial, and Stadardized Residual for Fmult
N/A

Standardized Residuals for Fmult_devs by fleet and year
N/A

Index Obs, Initial, and Standardized Residual for q_year1
N/A

Standardized Residuals for catchability deviations by index and year
N/A

Obs, Initial, and Stadardized Residual for SR steepness
N/A

Obs, Initial, and Stadardized Residual for SR scaler
N/A

End of Deviations Section

Selectivity by age and year for each fleet
 fleet 1 selectivity at age
 0.5 0.75 1 1 1 1
 0.5 0.75 1 1 1 1
 0.5 0.75 1 1 1 1
 0.5 0.75 1 1 1 1
 0.5 0.75 1 1 1 1
 0.01 0.25 0.75 1 1 1
 0.01 0.25 0.75 1 1 1
 0.01 0.25 0.75 1 1 1
 0.01 0.25 0.75 1 1 1
 0.01 0.25 0.75 1 1 1
 0.01 0.25 0.75 1 1 1
 0.01 0.25 0.75 1 1 1
 0.01 0.25 0.75 1 1 1
 0.01 0.25 0.75 1 1 1
 0.01 0.25 0.75 1 1 1
 0.01 0.25 0.75 1 1 1
 0.01 0.25 0.75 1 1 1
 0.01 0.25 0.75 1 1 1
 0.01 0.25 0.75 1 1 1
 0.01 0.25 0.75 1 1 1
 0.01 0.25 0.75 1 1 1
 0.01 0.25 0.75 1 1 1
 0.01 0.25 0.75 1 1 1
 0.01 0.25 0.75 1 1 1
 0.01 0.25 0.75 1 1 1
 0.01 0.25 0.75 1 1 1
 0.01 0.25 0.75 1 1 1
 0.01 0.25 0.75 1 1 1
 0.01 0.25 0.75 1 1 1
 0.01 0.25 0.75 1 1 1
 0.01 0.25 0.75 1 1 1
 0.01 0.25 0.75 1 1 1
 0.01 0.25 0.75 1 1 1
 0.01 0.25 0.75 1 1 1
 0.01 0.25 0.75 1 1 1
 0.01 0.25 0.75 1 1 1
 0.01 0.25 0.75 1 1 1

Fmult by year for each fleet
1973   0.722545
1974   0.722545
1975   0.722545
1976   0.722545
1977   0.722545
1978   0.722545
1979   0.722545
1980   0.722545
1981   0.722545
1982   0.722545
1983   0.722545
1984   0.722545
1985   0.722545
1986   0.722545
1987   0.722545
1988   0.722545
1989   0.722545
1990   0.722545
1991   0.722545
1992   0.722545
1993   0.722545
1994   0.722545
1995   0.722545
1996   0.722545
1997   0.722545
1998   0.722545
1999   0.722545
2000   0.722545
2001   0.722545
2002   0.722545
2003   0.722545
2004   0.722545
2005   0.722545
2006   0.722545
2007   0.722545
2008   0.722545
2009   0.722545

Directed F by age and year for each fleet
 fleet 1 directed F at age
 0.361272 0.541909 0.722545 0.722545 0.722545 0.722545
 0.361272 0.541909 0.722545 0.722545 0.722545 0.722545
 0.361272 0.541909 0.722545 0.722545 0.722545 0.722545
 0.361272 0.541909 0.722545 0.722545 0.722545 0.722545
 0.361272 0.541909 0.722545 0.722545 0.722545 0.722545
 0.00722545 0.180636 0.541909 0.722545 0.722545 0.722545
 0.00722545 0.180636 0.541909 0.722545 0.722545 0.722545
 0.00722545 0.180636 0.541909 0.722545 0.722545 0.722545
 0.00722545 0.180636 0.541909 0.722545 0.722545 0.722545
 0.00722545 0.180636 0.541909 0.722545 0.722545 0.722545
 0.00722545 0.180636 0.541909 0.722545 0.722545 0.722545
 0.00722545 0.180636 0.541909 0.722545 0.722545 0.722545
 0.00722545 0.180636 0.541909 0.722545 0.722545 0.722545
 0.00722545 0.180636 0.541909 0.722545 0.722545 0.722545
 0.00722545 0.180636 0.541909 0.722545 0.722545 0.722545
 0.00722545 0.180636 0.541909 0.722545 0.722545 0.722545
 0.00722545 0.180636 0.541909 0.722545 0.722545 0.722545
 0.00722545 0.180636 0.541909 0.722545 0.722545 0.722545
 0.00722545 0.180636 0.541909 0.722545 0.722545 0.722545
 0.00722545 0.180636 0.541909 0.722545 0.722545 0.722545
 0.00722545 0.180636 0.541909 0.722545 0.722545 0.722545
 0.00722545 0.180636 0.541909 0.722545 0.722545 0.722545
 0.00722545 0.180636 0.541909 0.722545 0.722545 0.722545
 0.00722545 0.180636 0.541909 0.722545 0.722545 0.722545
 0.00722545 0.180636 0.541909 0.722545 0.722545 0.722545
 0.00722545 0.180636 0.541909 0.722545 0.722545 0.722545
 0.00722545 0.180636 0.541909 0.722545 0.722545 0.722545
 0.00722545 0.180636 0.541909 0.722545 0.722545 0.722545
 0.00722545 0.180636 0.541909 0.722545 0.722545 0.722545
 0.00722545 0.180636 0.541909 0.722545 0.722545 0.722545
 0.00722545 0.180636 0.541909 0.722545 0.722545 0.722545
 0.00722545 0.180636 0.541909 0.722545 0.722545 0.722545
 0.00722545 0.180636 0.541909 0.722545 0.722545 0.722545
 0.00722545 0.180636 0.541909 0.722545 0.722545 0.722545
 0.00722545 0.180636 0.541909 0.722545 0.722545 0.722545
 0.00722545 0.180636 0.541909 0.722545 0.722545 0.722545
 0.00722545 0.180636 0.541909 0.722545 0.722545 0.722545
Discard F by age and year for each fleet
 fleet 1 Discard F at age
 0 0 0 0 0 0
 0 0 0 0 0 0
 0 0 0 0 0 0
 0 0 0 0 0 0
 0 0 0 0 0 0
 0 0 0 0 0 0
 0 0 0 0 0 0
 0 0 0 0 0 0
 0 0 0 0 0 0
 0 0 0 0 0 0
 0 0 0 0 0 0
 0 0 0 0 0 0
 0 0 0 0 0 0
 0 0 0 0 0 0
 0 0 0 0 0 0
 0 0 0 0 0 0
 0 0 0 0 0 0
 0 0 0 0 0 0
 0 0 0 0 0 0
 0 0 0 0 0 0
 0 0 0 0 0 0
 0 0 0 0 0 0
 0 0 0 0 0 0
 0 0 0 0 0 0
 0 0 0 0 0 0
 0 0 0 0 0 0
 0 0 0 0 0 0
 0 0 0 0 0 0
 0 0 0 0 0 0
 0 0 0 0 0 0
 0 0 0 0 0 0
 0 0 0 0 0 0
 0 0 0 0 0 0
 0 0 0 0 0 0
 0 0 0 0 0 0
 0 0 0 0 0 0
 0 0 0 0 0 0
Total F
 0.361272 0.541909 0.722545 0.722545 0.722545 0.722545
 0.361272 0.541909 0.722545 0.722545 0.722545 0.722545
 0.361272 0.541909 0.722545 0.722545 0.722545 0.722545
 0.361272 0.541909 0.722545 0.722545 0.722545 0.722545
 0.361272 0.541909 0.722545 0.722545 0.722545 0.722545
 0.00722545 0.180636 0.541909 0.722545 0.722545 0.722545
 0.00722545 0.180636 0.541909 0.722545 0.722545 0.722545
 0.00722545 0.180636 0.541909 0.722545 0.722545 0.722545
 0.00722545 0.180636 0.541909 0.722545 0.722545 0.722545
 0.00722545 0.180636 0.541909 0.722545 0.722545 0.722545
 0.00722545 0.180636 0.541909 0.722545 0.722545 0.722545
 0.00722545 0.180636 0.541909 0.722545 0.722545 0.722545
 0.00722545 0.180636 0.541909 0.722545 0.722545 0.722545
 0.00722545 0.180636 0.541909 0.722545 0.722545 0.722545
 0.00722545 0.180636 0.541909 0.722545 0.722545 0.722545
 0.00722545 0.180636 0.541909 0.722545 0.722545 0.722545
 0.00722545 0.180636 0.541909 0.722545 0.722545 0.722545
 0.00722545 0.180636 0.541909 0.722545 0.722545 0.722545
 0.00722545 0.180636 0.541909 0.722545 0.722545 0.722545
 0.00722545 0.180636 0.541909 0.722545 0.722545 0.722545
 0.00722545 0.180636 0.541909 0.722545 0.722545 0.722545
 0.00722545 0.180636 0.541909 0.722545 0.722545 0.722545
 0.00722545 0.180636 0.541909 0.722545 0.722545 0.722545
 0.00722545 0.180636 0.541909 0.722545 0.722545 0.722545
 0.00722545 0.180636 0.541909 0.722545 0.722545 0.722545
 0.00722545 0.180636 0.541909 0.722545 0.722545 0.722545
 0.00722545 0.180636 0.541909 0.722545 0.722545 0.722545
 0.00722545 0.180636 0.541909 0.722545 0.722545 0.722545
 0.00722545 0.180636 0.541909 0.722545 0.722545 0.722545
 0.00722545 0.180636 0.541909 0.722545 0.722545 0.722545
 0.00722545 0.180636 0.541909 0.722545 0.722545 0.722545
 0.00722545 0.180636 0.541909 0.722545 0.722545 0.722545
 0.00722545 0.180636 0.541909 0.722545 0.722545 0.722545
 0.00722545 0.180636 0.541909 0.722545 0.722545 0.722545
 0.00722545 0.180636 0.541909 0.722545 0.722545 0.722545
 0.00722545 0.180636 0.541909 0.722545 0.722545 0.722545
 0.00722545 0.180636 0.541909 0.722545 0.722545 0.722545

Average F for ages 4 to 5
Freport unweighted in .std and MCMC files
year    unweighted   Nweighted    Bweighted
1973  0.722545  0.722545  0.722545
1974  0.722545  0.722545  0.722545
1975  0.722545  0.722545  0.722545
1976  0.722545  0.722545  0.722545
1977  0.722545  0.722545  0.722545
1978  0.722545  0.722545  0.722545
1979  0.722545  0.722545  0.722545
1980  0.722545  0.722545  0.722545
1981  0.722545  0.722545  0.722545
1982  0.722545  0.722545  0.722545
1983  0.722545  0.722545  0.722545
1984  0.722545  0.722545  0.722545
1985  0.722545  0.722545  0.722545
1986  0.722545  0.722545  0.722545
1987  0.722545  0.722545  0.722545
1988  0.722545  0.722545  0.722545
1989  0.722545  0.722545  0.722545
1990  0.722545  0.722545  0.722545
1991  0.722545  0.722545  0.722545
1992  0.722545  0.722545  0.722545
1993  0.722545  0.722545  0.722545
1994  0.722545  0.722545  0.722545
1995  0.722545  0.722545  0.722545
1996  0.722545  0.722545  0.722545
1997  0.722545  0.722545  0.722545
1998  0.722545  0.722545  0.722545
1999  0.722545  0.722545  0.722545
2000  0.722545  0.722545  0.722545
2001  0.722545  0.722545  0.722545
2002  0.722545  0.722545  0.722545
2003  0.722545  0.722545  0.722545
2004  0.722545  0.722545  0.722545
2005  0.722545  0.722545  0.722545
2006  0.722545  0.722545  0.722545
2007  0.722545  0.722545  0.722545
2008  0.722545  0.722545  0.722545
2009  0.722545  0.722545  0.722545

Population Numbers at the Start of the Year
 14791.5 18128 29322 16834 11027 13264
 14791.5 6874.21 7534.93 10588.8 6208.11 9255.65
 14791.5 6874.21 2857.28 2721.01 3904.96 5899.88
 14791.5 6874.21 2857.28 1031.82 1003.47 3741.13
 14791.5 6874.21 2857.28 1031.82 380.518 1818.75
 14791.5 6874.21 2857.28 1031.82 380.518 843.846
 14791.5 9794.53 4100.63 1236.1 380.518 468.183
 14791.5 9794.53 5842.67 1773.99 455.853 323.428
 14791.5 9794.53 5842.67 2527.62 654.219 295.963
 14791.5 9794.53 5842.67 2527.62 932.146 359.938
 14791.5 9794.53 5842.67 2527.62 932.146 489.051
 14791.5 9794.53 5842.67 2527.62 932.146 538.802
 14791.5 9794.53 5842.67 2527.62 932.146 557.973
 14791.5 9794.53 5842.67 2527.62 932.146 565.36
 14791.5 9794.53 5842.67 2527.62 932.146 568.207
 14791.5 9794.53 5842.67 2527.62 932.146 569.304
 14791.5 9794.53 5842.67 2527.62 932.146 569.726
 14791.5 9794.53 5842.67 2527.62 932.146 569.889
 14791.5 9794.53 5842.67 2527.62 932.146 569.952
 14791.5 9794.53 5842.67 2527.62 932.146 569.976
 14791.5 9794.53 5842.67 2527.62 932.146 569.985
 14791.5 9794.53 5842.67 2527.62 932.146 569.989
 14791.5 9794.53 5842.67 2527.62 932.146 569.99
 14791.5 9794.53 5842.67 2527.62 932.146 569.991
 14791.5 9794.53 5842.67 2527.62 932.146 569.991
 14791.5 9794.53 5842.67 2527.62 932.146 569.991
 14791.5 9794.53 5842.67 2527.62 932.146 569.991
 14791.5 9794.53 5842.67 2527.62 932.146 569.991
 14791.5 9794.53 5842.67 2527.62 932.146 569.991
 14791.5 9794.53 5842.67 2527.62 932.146 569.991
 14791.5 9794.53 5842.67 2527.62 932.146 569.991
 14791.5 9794.53 5842.67 2527.62 932.146 569.991
 14791.5 9794.53 5842.67 2527.62 932.146 569.991
 14791.5 9794.53 5842.67 2527.62 932.146 569.991
 14791.5 9794.53 5842.67 2527.62 932.146 569.991
 14791.5 9794.53 5842.67 2527.62 932.146 569.991
 14791.5 9794.53 5842.67 2527.62 932.146 569.991

Biomass Time Series
Year, TotJan1B, SSB, ExploitableB
1973  32683.5  18777.3  31966.8
1974  17366.9  9624.81  16889.9
1975  10891.1  5060.72  9888.57
1976  8775.16  3414.42  7512.55
1977  7100.31  2423.86  5838.76
1978  6952.4  2340.59  2715.7
1979  7276.63  2813.69  3006.06
1980  8271.93  3436.41  3898.28
1981  7221.16  3429.42  3941.28
1982  8627.73  3628.11  4400.6
1983  8340.68  3720.01  4427.38
1984  7600.25  3191.12  3688.06
1985  7655.64  3471.61  4103.46
1986  8095.37  3609.41  4253.79
1987  9135.3  3540.2  4104.03
1988  10991.2  4026.9  4775.72
1989  6691.87  3538.53  4209.34
1990  7444.34  3165.58  3925.65
1991  6123.74  3234.99  3854.84
1992  6126.67  3716.79  4642.73
1993  7297.38  4084.17  4926.34
1994  6058.44  3300.94  3803.13
1995  5239.63  3206.89  3949.64
1996  6029.75  3695.73  4587.89
1997  7094.74  3757.71  4530.44
1998  7446.24  3761.95  4525.61
1999  8025.36  4460.69  5489.15
2000  8332.27  4305.2  5227.36
2001  8407.7  4460.15  5279.44
2002  8504.68  4442.66  5342.7
2003  7583.33  4363.26  5247.69
2004  7338.76  4111.56  5014.93
2005  7156.77  4070.81  4891.7
2006  6644.86  3700.33  4478.1
2007  6560.06  3692.38  4517.12
2008  7347.02  3836.92  4688.06
2009  6821.43  3800.27  4570.08

q by index
 index 1 q over time
1973  0.285112
1974  0.285112
1975  0.285112
1976  0.285112
1977  0.285112
1978  0.285112
1979  0.285112
1980  0.285112
1981  0.285112
1982  0.285112
1983  0.285112
1984  0.285112
1985  0.285112
1986  0.285112
1987  0.285112
1988  0.285112
1989  0.285112
1990  0.285112
1991  0.285112
1992  0.285112
1993  0.285112
1994  0.285112
1995  0.285112
1996  0.285112
1997  0.285112
1998  0.285112
1999  0.285112
2000  0.285112
2001  0.285112
2002  0.285112
2003  0.285112
2004  0.285112
2005  0.285112
2006  0.285112
2007  0.285112
2008  0.285112
2009  0.285112
 index 2 q over time
1973  0.246746
1974  0.246746
1975  0.246746
1976  0.246746
1977  0.246746
1978  0.246746
1979  0.246746
1980  0.246746
1981  0.246746
1982  0.246746
1983  0.246746
1984  0.246746
1985  0.246746
1986  0.246746
1987  0.246746
1988  0.246746
1989  0.246746
1990  0.246746
1991  0.246746
1992  0.246746
1993  0.246746
1994  0.246746
1995  0.246746
1996  0.246746
1997  0.246746
1998  0.246746
1999  0.246746
2000  0.246746
2001  0.246746
2002  0.246746
2003  0.246746
2004  0.246746
2005  0.246746
2006  0.246746
2007  0.246746
2008  0.246746
2009  0.246746

Proportions of catch at age by fleet
 fleet 1
Year 1 Obs  =  0.00545691 0.144785 0.320763 0.216458 0.14188 0.170658
Year 1 Pred =  0.0877949 0.153795 0.312566 0.181026 0.119528 0.14529
Year 2 Obs  =  0.0169397 0.555763 0.117739 0.158347 0.0792596 0.0719506
Year 2 Pred =  0.172492 0.114582 0.157807 0.223717 0.132212 0.19919
Year 3 Obs  =  0.444401 0.220404 0.104175 0.0624274 0.0883052 0.0802875
Year 3 Pred =  0.280686 0.186452 0.0973759 0.0935484 0.135326 0.206612
Year 4 Obs  =  0.0209783 0.66913 0.128152 0.0355435 0.0488043 0.0973913
Year 4 Pred =  0.366538 0.243481 0.12716 0.0463242 0.0454113 0.171086
Year 5 Obs  =  0.309764 0.296172 0.304651 0.0316124 0.0173338 0.0404664
Year 5 Pred =  0.414684 0.275463 0.143863 0.0524091 0.0194821 0.0940983
Year 6 Obs  =  0.312325 0.525768 0.0862784 0.0586358 0.00985241 0.00714001
Year 6 Pred =  0.027841 0.308257 0.333282 0.149957 0.0557436 0.12492
Year 7 Obs  =  0.00653549 0.632045 0.304111 0.0373155 0.01539 0.00460295
Year 7 Pred =  0.0222717 0.351352 0.38263 0.143709 0.0445927 0.0554439
Year 8 Obs  =  0.0423678 0.445853 0.303951 0.176525 0.0236043 0.00769905
Year 8 Pred =  0.0183039 0.288758 0.448055 0.169502 0.043904 0.0314779
Year 9 Obs  =  0.00184512 0.359635 0.409508 0.158789 0.060292 0.00993108
Year 9 Pred =  0.0168167 0.265295 0.411648 0.221886 0.0578893 0.0264644
Year 10 Obs  =  0.00311582 0.669013 0.28135 0.0366404 0.00818395 0.00169595
Year 10 Pred =  0.0163219 0.25749 0.399537 0.215358 0.0800553 0.031238
Year 11 Obs  =  0.0355781 0.277899 0.624782 0.0532119 0.00569072 0.00283797
Year 11 Pred =  0.016141 0.254636 0.39511 0.212972 0.0791682 0.041973
Year 12 Obs  =  0.0132301 0.165658 0.560028 0.2286 0.024715 0.00776918
Year 12 Pred =  0.0160724 0.253554 0.39343 0.212066 0.0788316 0.0460463
Year 13 Obs  =  0.132837 0.507877 0.142054 0.128653 0.0724979 0.0160816
Year 13 Pred =  0.0160461 0.253139 0.392786 0.211719 0.0787026 0.0476067
Year 14 Obs  =  0.0290806 0.662706 0.229467 0.0438627 0.0245907 0.0102922
Year 14 Pred =  0.016036 0.252979 0.392539 0.211586 0.078653 0.0482066
Year 15 Obs  =  0.175854 0.39439 0.288537 0.112927 0.0203659 0.00792683
Year 15 Pred =  0.0160321 0.252918 0.392444 0.211534 0.078634 0.0484375
Year 16 Obs  =  0.621881 0.236617 0.0627855 0.0592714 0.0156964 0.00374839
Year 16 Pred =  0.0160306 0.252894 0.392407 0.211515 0.0786266 0.0485265
Year 17 Obs  =  0.000990723 0.834009 0.142484 0.0202198 0.00216158 0.000135099
Year 17 Pred =  0.01603 0.252885 0.392393 0.211507 0.0786238 0.0485608
Year 18 Obs  =  0.00388127 0.0424697 0.903484 0.048056 0.00199672 0.000112176
Year 18 Pred =  0.0160298 0.252882 0.392388 0.211504 0.0786227 0.048574
Year 19 Obs  =  0.0244617 0.0899774 0.298054 0.57427 0.0101263 0.00311108
Year 19 Pred =  0.0160297 0.25288 0.392385 0.211503 0.0786223 0.0485791
Year 20 Obs  =  0.063631 0.198457 0.295016 0.396618 0.0436072 0.00266983
Year 20 Pred =  0.0160297 0.25288 0.392385 0.211503 0.0786221 0.048581
Year 21 Obs  =  0.00684541 0.248716 0.253851 0.40559 0.0827153 0.0022818
Year 21 Pred =  0.0160297 0.25288 0.392384 0.211502 0.078622 0.0485818
Year 22 Obs  =  0.08353 0.279849 0.254365 0.192072 0.14488 0.0453044
Year 22 Pred =  0.0160297 0.25288 0.392384 0.211502 0.078622 0.0485821
Year 23 Obs  =  0.00102564 0.347692 0.281026 0.28 0.0584615 0.0317949
Year 23 Pred =  0.0160297 0.25288 0.392384 0.211502 0.078622 0.0485822
Year 24 Obs  =  0.00207792 0.255065 0.587532 0.123636 0.0161039 0.0155844
Year 24 Pred =  0.0160297 0.25288 0.392384 0.211502 0.078622 0.0485822
Year 25 Obs  =  0.00606277 0.0649073 0.542439 0.328103 0.0410128 0.017475
Year 25 Pred =  0.0160297 0.25288 0.392384 0.211502 0.078622 0.0485823
Year 26 Obs  =  0.00171233 0.421918 0.399315 0.144863 0.0267123 0.00547945
Year 26 Pred =  0.0160297 0.25288 0.392384 0.211502 0.078622 0.0485823
Year 27 Obs  =  0.0212177 0.133149 0.655597 0.148216 0.0289053 0.0129151
Year 27 Pred =  0.0160297 0.25288 0.392384 0.211502 0.078622 0.0485823
Year 28 Obs  =  0.00556242 0.36063 0.440667 0.172435 0.0176143 0.00309023
Year 28 Pred =  0.0160297 0.25288 0.392384 0.211502 0.078622 0.0485823
Year 29 Obs  =  0 0.155885 0.614074 0.17261 0.0438624 0.0135689
Year 29 Pred =  0.0160297 0.25288 0.392384 0.211502 0.078622 0.0485823
Year 30 Obs  =  0.00341797 0.187988 0.563477 0.228027 0.0166016 0.000488281
Year 30 Pred =  0.0160297 0.25288 0.392384 0.211502 0.078622 0.0485823
Year 31 Obs  =  0.00210084 0.163866 0.511905 0.289216 0.0238095 0.00910364
Year 31 Pred =  0.0160297 0.25288 0.392384 0.211502 0.078622 0.0485823
Year 32 Obs  =  0.204641 0.122363 0.244023 0.214487 0.14346 0.0710267
Year 32 Pred =  0.0160297 0.25288 0.392384 0.211502 0.078622 0.0485823
Year 33 Obs  =  0.0431849 0.249663 0.25641 0.226721 0.157895 0.0661269
Year 33 Pred =  0.0160297 0.25288 0.392384 0.211502 0.078622 0.0485823
Year 34 Obs  =  0.0509491 0.353646 0.303696 0.158841 0.0609391 0.0719281
Year 34 Pred =  0.0160297 0.25288 0.392384 0.211502 0.078622 0.0485823
Year 35 Obs  =  0.00721154 0.223558 0.563301 0.141026 0.0360577 0.0288462
Year 35 Pred =  0.0160297 0.25288 0.392384 0.211502 0.078622 0.0485823
Year 36 Obs  =  0.0234926 0.0524667 0.358653 0.518403 0.0399374 0.00704777
Year 36 Pred =  0.0160297 0.25288 0.392384 0.211502 0.078622 0.0485823
Year 37 Obs  =  0.0152174 0.182609 0.167391 0.345652 0.273913 0.0152174
Year 37 Pred =  0.0160297 0.25288 0.392384 0.211502 0.078622 0.0485823

Proportions of Discards at age by fleet
 fleet 1
Year 1 Obs  =  0 0 0 0 0 0
Year 1 Pred =  1e-015 1e-015 1e-015 1e-015 1e-015 1e-015
Year 2 Obs  =  0 0 0 0 0 0
Year 2 Pred =  1e-015 1e-015 1e-015 1e-015 1e-015 1e-015
Year 3 Obs  =  0 0 0 0 0 0
Year 3 Pred =  1e-015 1e-015 1e-015 1e-015 1e-015 1e-015
Year 4 Obs  =  0 0 0 0 0 0
Year 4 Pred =  1e-015 1e-015 1e-015 1e-015 1e-015 1e-015
Year 5 Obs  =  0 0 0 0 0 0
Year 5 Pred =  1e-015 1e-015 1e-015 1e-015 1e-015 1e-015
Year 6 Obs  =  0 0 0 0 0 0
Year 6 Pred =  1e-015 1e-015 1e-015 1e-015 1e-015 1e-015
Year 7 Obs  =  0 0 0 0 0 0
Year 7 Pred =  1e-015 1e-015 1e-015 1e-015 1e-015 1e-015
Year 8 Obs  =  0 0 0 0 0 0
Year 8 Pred =  1e-015 1e-015 1e-015 1e-015 1e-015 1e-015
Year 9 Obs  =  0 0 0 0 0 0
Year 9 Pred =  1e-015 1e-015 1e-015 1e-015 1e-015 1e-015
Year 10 Obs  =  0 0 0 0 0 0
Year 10 Pred =  1e-015 1e-015 1e-015 1e-015 1e-015 1e-015
Year 11 Obs  =  0 0 0 0 0 0
Year 11 Pred =  1e-015 1e-015 1e-015 1e-015 1e-015 1e-015
Year 12 Obs  =  0 0 0 0 0 0
Year 12 Pred =  1e-015 1e-015 1e-015 1e-015 1e-015 1e-015
Year 13 Obs  =  0 0 0 0 0 0
Year 13 Pred =  1e-015 1e-015 1e-015 1e-015 1e-015 1e-015
Year 14 Obs  =  0 0 0 0 0 0
Year 14 Pred =  1e-015 1e-015 1e-015 1e-015 1e-015 1e-015
Year 15 Obs  =  0 0 0 0 0 0
Year 15 Pred =  1e-015 1e-015 1e-015 1e-015 1e-015 1e-015
Year 16 Obs  =  0 0 0 0 0 0
Year 16 Pred =  1e-015 1e-015 1e-015 1e-015 1e-015 1e-015
Year 17 Obs  =  0 0 0 0 0 0
Year 17 Pred =  1e-015 1e-015 1e-015 1e-015 1e-015 1e-015
Year 18 Obs  =  0 0 0 0 0 0
Year 18 Pred =  1e-015 1e-015 1e-015 1e-015 1e-015 1e-015
Year 19 Obs  =  0 0 0 0 0 0
Year 19 Pred =  1e-015 1e-015 1e-015 1e-015 1e-015 1e-015
Year 20 Obs  =  0 0 0 0 0 0
Year 20 Pred =  1e-015 1e-015 1e-015 1e-015 1e-015 1e-015
Year 21 Obs  =  0 0 0 0 0 0
Year 21 Pred =  1e-015 1e-015 1e-015 1e-015 1e-015 1e-015
Year 22 Obs  =  0 0 0 0 0 0
Year 22 Pred =  1e-015 1e-015 1e-015 1e-015 1e-015 1e-015
Year 23 Obs  =  0 0 0 0 0 0
Year 23 Pred =  1e-015 1e-015 1e-015 1e-015 1e-015 1e-015
Year 24 Obs  =  0 0 0 0 0 0
Year 24 Pred =  1e-015 1e-015 1e-015 1e-015 1e-015 1e-015
Year 25 Obs  =  0 0 0 0 0 0
Year 25 Pred =  1e-015 1e-015 1e-015 1e-015 1e-015 1e-015
Year 26 Obs  =  0 0 0 0 0 0
Year 26 Pred =  1e-015 1e-015 1e-015 1e-015 1e-015 1e-015
Year 27 Obs  =  0 0 0 0 0 0
Year 27 Pred =  1e-015 1e-015 1e-015 1e-015 1e-015 1e-015
Year 28 Obs  =  0 0 0 0 0 0
Year 28 Pred =  1e-015 1e-015 1e-015 1e-015 1e-015 1e-015
Year 29 Obs  =  0 0 0 0 0 0
