Age Structured Assessment Program (ASAP) Version 3.0
Start time for run: Fri Dec 15 12:02:34 2017

obj_fun        = 3328.19

Component                Lambda          obj_fun
__Catch_Fleet_1               1          269.566
Catch_Fleet_Total             1          269.566
Discard_Fleet_Total           0          0
__Index_Fit_1                 1          188.958
__Index_Fit_2                 1          87.9078
Index_Fit_Total               2          276.866
Catch_Age_Comps       see_below          1416.05
Discard_Age_Comps     see_below          0
Index_Age_Comps       see_below          1365.51
__Sel_Param_1                 0          0
__Sel_Param_2                 0          0
__Sel_Param_3                 0          0
__Sel_Param_7                 0          0
__Sel_Param_8                 0          0
__Sel_Param_9                 0          0
__Sel_Param_13                0          0
__Sel_Param_14                0          0
__Sel_Param_15                0          0
__Sel_Param_19                0          0
__Sel_Param_20                0          0
__Sel_Param_21                0          0
__Sel_Param_25                0          0
__Sel_Param_26                0          0
__Sel_Param_27                0          0
__Sel_Param_31                0          0
__Sel_Param_32                0          0
__Sel_Param_33                0          0
Sel_Params_Total              0          0
__Index_Sel_Param_1           0          0
__Index_Sel_Param_2           0          0
__Index_Sel_Param_3           0          0
__Index_Sel_Param_7           0          0
__Index_Sel_Param_8           0          0
__Index_Sel_Param_9           0          0
Index_Sel_Params_Total        0          0
q_year1_Total                 0          0
q_devs_Total                  0          0
__Fmult_year1_fleet_1         0          0
Fmult_year1_fleet_Total       0          0
Fmult_devs_fleet_Total        0          0
N_year_1                      0          0
Recruit_devs                  0          0
SR_steepness                  0          0
SR_scaler                     0          0
Fmult_Max_penalty          1000          0
F_penalty                     1          0.195239

 Input and Estimated effective sample sizes for fleet 1
1973  18  39.6529
1974  18  3.91502
1975  18  26.7748
1976  18  2.96323
1977  18  34.3886
1978  18  2.61022
1979  18  4.2492
1980  18  13.7381
1981  18  32.5295
1982  18  2.9944
1983  18  7.73708
1984  18  12.8237
1985  18  6.4891
1986  18  4.99341
1987  18  11.5072
1988  18  1.28818
1989  18  1.51134
1990  18  2.03968
1991  18  3.3355
1992  18  8.63613
1993  18  9.20031
1994  18  32.207
1995  18  12.843
1996  37  22.1758
1997  37  8.61299
1998  37  184.927
1999  37  8.55249
2000  37  207.232
2001  37  12.2773
2002  37  23.3441
2003  37  34.3986
2004  37  14.7035
2005  37  34.389
2006  37  7.85121
2007  37  3.78171
2008  37  3.4323
2009  37  4.95753
 Total  932  849.063

 Input and Estimated effective Discard sample sizes for fleet 1
1973  0  0
1974  0  0
1975  0  0
1976  0  0
1977  0  0
1978  0  0
1979  0  0
1980  0  0
1981  0  0
1982  0  0
1983  0  0
1984  0  0
1985  0  0
1986  0  0
1987  0  0
1988  0  0
1989  0  0
1990  0  0
1991  0  0
1992  0  0
1993  0  0
1994  0  0
1995  0  0
1996  0  0
1997  0  0
1998  0  0
1999  0  0
2000  0  0
2001  0  0
2002  0  0
2003  0  0
2004  0  0
2005  0  0
2006  0  0
2007  0  0
2008  0  0
2009  0  0
 Total  0  0

Observed and predicted total fleet catch by year and standardized residual
 fleet 1 total catches
1973  14549  9398.77  2.20631
1974  17088  12831  1.44671
1975  5732  4243.28  1.5185
1976  3436  2738.02  1.14659
1977  5223  3218.68  2.44443
1978  8085  4595.9  2.85215
1979  9883  3958.99  4.61936
1980  8021  3490.89  4.20065
1981  6607  2875.22  4.20113
1982  15764  4334.02  6.51999
1983  22211  4910.54  7.62062
1984  11225  4555.38  4.55375
1985  4817  4071.46  0.849061
1986  4620  3319.37  1.66944
1987  2652  2341.41  0.628956
1988  2782  2319.26  0.918597
1989  8349  3511.44  4.37339
1990  17916  4497.16  6.97956
1991  6430  3666.89  2.83591
1992  2695  3812.58  -1.75169
1993  771  971.683  -1.16814
1994  735  7757.16  -11.899
1995  343  386.896  -0.608083
1996  759  929.913  -1.02549
1997  1222  10000.4  -10.6146
1998  1087  1783.95  -2.50154
1999  1403  5343.27  -6.75223
2000  1397  2599.7  -3.13604
2001  1449  5732.36  -6.94425
2002  945  1283.23  -1.54486
2003  666  839.02  -1.16614
2004  619  782.577  -1.18403
2005  346  382.842  -0.510916
2006  396  431.454  -0.432975
2007  502  525.903  -0.234879
2008  583  595.378  -0.106087
2009  453  457.064  -0.0451004
Observed and predicted total fleet Discards by year and standardized residual
 fleet 1 total Discards
1973  0  0  0
1974  0  0  0
1975  0  0  0
1976  0  0  0
1977  0  0  0
1978  0  0  0
1979  0  0  0
1980  0  0  0
1981  0  0  0
1982  0  0  0
1983  0  0  0
1984  0  0  0
1985  0  0  0
1986  0  0  0
1987  0  0  0
1988  0  0  0
1989  0  0  0
1990  0  0  0
1991  0  0  0
1992  0  0  0
1993  0  0  0
1994  0  0  0
1995  0  0  0
1996  0  0  0
1997  0  0  0
1998  0  0  0
1999  0  0  0
2000  0  0  0
2001  0  0  0
2002  0  0  0
2003  0  0  0
2004  0  0  0
2005  0  0  0
2006  0  0  0
2007  0  0  0
2008  0  0  0
2009  0  0  0

Index data
index number 1
aggregate units = 2
proportions units = 2
month = 4
starting and ending ages for selectivity = 1  6
selectivity choice = -1
 year, obs index, pred index, standardized residual
1973  45993.3  14350.3  5.35739
1974  18318.7  9365.88  2.14855
1975  4839.41  6283.87  -0.919157
1976  5942.61  6245.05  -0.163876
1977  6925.37  6565.91  0.141652
1978  18730.7  6488.4  3.85882
1979  5889.55  6469.42  -0.300758
1980  14774.4  6565.34  3.57242
1981  27000.5  6792.96  4.8562
1982  43523.9  6837.25  6.51354
1983  30456.2  6496.43  6.27502
1984  8397.88  5919.57  1.27293
1985  6074.29  5501.59  0.283674
1986  7020.75  5523.73  1.05626
1987  1593.48  5893.25  -3.95437
1988  2035.3  6473.06  -3.31435
1989  17077.9  6791.43  3.35643
1990  25849.5  6476.01  4.56953
1991  11510  6083.74  2.69428
1992  3741.82  6019.58  -1.61959
1993  1493.45  6508.6  -4.57851
1994  529.85  5962.55  -6.43314
1995  2393.74  5653.48  -2.92755
1996  3908.97  6987.93  -1.70887
1997  4137.04  6199.08  -0.94178
1998  6162.7  5529.92  0.336979
1999  5117.79  5930.62  -0.649245
2000  4801.36  6030.48  -0.829629
2001  2626.64  6215.73  -2.60435
2002  2910.49  6396.83  -1.76268
2003  750.44  7431.01  -5.23327
2004  1002.58  8324.63  -4.83128
2005  1143.77  9067.4  -6.09038
2006  3334.65  9728.94  -2.35148
2007  2429.57  10234.3  -4.8986
2008  2112.49  10623.7  -2.61997
2009  3367.55  10939.8  -3.77354
index number 2
aggregate units = 2
proportions units = 2
month = 10
starting and ending ages for selectivity = 1  6
selectivity choice = -1
 year, obs index, pred index, standardized residual
1973  17343  8193.8  1.50698
1974  7069.14  4433.39  0.95372
1975  3338  3588.72  -0.130609
1976  10016.5  3792.52  2.26167
1977  5279.03  3907.8  0.7302
1978  8912.42  3749.86  2.47996
1979  7917.85  3750.19  2.54569
1980  6111.82  3898.34  1.00654
1981  24538.3  4084.28  5.27475
1982  35005.5  3948.52  4.53839
1983  27070.6  3619.16  4.9923
1984  6421.5  3121.74  1.91682
1985  1397.52  2960.32  -1.74793
1986  3102.43  3088.69  0.0107777
1987  2330.01  3500.31  -0.8319
1988  5754.22  3962.7  1.09728
1989  11846.9  3959.71  2.71893
1990  5562.57  3567.33  1.03452
1991  2649.75  3391.71  -0.6408
1992  629.04  3426.58  -3.14788
1993  579.77  4190.34  -4.42729
1994  1704.84  2732.23  -0.980913
1995  1389.37  3668.52  -1.39425
1996  1066.77  4514.81  -2.67917
1997  3556.07  2810.03  0.584182
1998  3107.97  3370.12  -0.168415
1999  2256.89  3210.69  -0.551725
2000  2545.21  3648.57  -0.622888
2001  1413.65  3396.59  -1.65267
2002  3443.4  4085.57  -0.327418
2003  1953.92  4856.89  -1.53384
2004  303.12  5483.07  -6.74231
2005  3025.86  6051.67  -1.98556
2006  4060.28  6507.88  -1.17045
2007  1983.45  6855.2  -2.53502
2008  3774.11  7129.95  -1.37132
2009  1949.61  7358.45  -4.13119

Input effective sample sizes by index (row=index, column=year)
 12 12 12 12 12 12 12 12 12 12 12 12 12 12 12 12 12 12 12 12 12 12 12 12 12 12 12 12 12 12 12 12 12 12 12 12 12
 12 12 12 12 12 12 12 12 12 12 12 12 12 12 12 12 12 12 12 12 12 12 12 12 12 12 12 12 12 12 12 12 12 12 12 12 12
Estimated effective sample sizes by index (row=index, column=year)
 34.9111 18.6405 13.4752 3.01517 10.6484 6.35149 19.1751 8.47018 4.5886 4.02317 3.03585 1.76678 5.59932 3.58968 1.34691 8.47426 1.69042 1.1767 1.79143 1.05615 2.62108 2.60774 2.50431 3.12353 4.63162 2.61666 2.23017 3.53681 1.43667 4.3214 5.66599 6.42711 32.6185 2.37984 3.60609 2.63304 7.52039
 86.4557 29.6974 7.46817 8.49892 11.2171 6.84805 25.1503 16.9124 13.1379 4.27907 6.32098 10.419 12.01 8.27824 11.5166 1.52075 2.12094 2.31537 2.25146 1.84952 3.51698 39.9707 10.6483 7.04985 3.16676 18.338 5.91593 3.20087 57.5659 8.02548 2.38381 11.0825 2.50307 3.97465 3.83932 7.6306 10.097

Index proportions at age by index
 Index number 1
Year 1973 Obs  =  0.0198451 0.120089 0.328147 0.184446 0.143075 0.204398
Year 1973 Pred =  0.125921 0.180069 0.287169 0.165734 0.10908 0.132028
Year 1974 Obs  =  0.0323298 0.136895 0.16135 0.31115 0.189779 0.168497
Year 1974 Pred =  0.182378 0.193643 0.130005 0.19976 0.117675 0.176538
Year 1975 Obs  =  0.0856282 0.312654 0.0932841 0.120837 0.216884 0.170713
Year 1975 Pred =  0.286779 0.249718 0.117509 0.0698585 0.109565 0.166571
Year 1976 Obs  =  0.00317032 0.723716 0.0976154 0.0468649 0.0445141 0.0841196
Year 1976 Pred =  0.294311 0.320632 0.135414 0.0611441 0.0371028 0.151396
Year 1977 Obs  =  0.219988 0.235979 0.416121 0.038011 0.0237893 0.066112
Year 1977 Pred =  0.278245 0.327033 0.177455 0.0740744 0.0341399 0.109052
Year 1978 Obs  =  0.163612 0.634234 0.112641 0.0480981 0.0156262 0.0257877
Year 1978 Pred =  0.291758 0.326795 0.176721 0.0898393 0.038278 0.0766092
Year 1979 Obs  =  0.166619 0.492719 0.26245 0.0472567 0.0205789 0.010376
Year 1979 Pred =  0.292581 0.376767 0.179647 0.073508 0.0333797 0.0441168
Year 1980 Obs  =  0.0450794 0.441312 0.299064 0.188574 0.0185713 0.00739997
Year 1980 Pred =  0.288407 0.374327 0.207098 0.0741032 0.0268561 0.029209
Year 1981 Obs  =  0.0314469 0.676331 0.175683 0.0906099 0.0217581 0.00417067
Year 1981 Pred =  0.278805 0.364311 0.210623 0.0926327 0.0301312 0.0234968
Year 1982 Obs  =  0.00781571 0.688143 0.223391 0.0560099 0.0183577 0.00628276
Year 1982 Pred =  0.276855 0.357615 0.206113 0.0966887 0.0393085 0.0234195
Year 1983 Obs  =  0.00217755 0.355656 0.589323 0.0400614 0.0115651 0.00121683
Year 1983 Pred =  0.2912 0.369831 0.196812 0.0838547 0.0349773 0.0233244
Year 1984 Obs  =  0.00932379 0.110034 0.218891 0.530741 0.0806514 0.0503592
Year 1984 Pred =  0.319178 0.392431 0.184505 0.0641172 0.0231888 0.01658
Year 1985 Obs  =  0.0734474 0.443816 0.111607 0.132179 0.196384 0.042568
Year 1985 Pred =  0.3434 0.419293 0.173738 0.0441447 0.0118583 0.0075663
Year 1986 Obs  =  0.00387138 0.688603 0.217933 0.056306 0.0295353 0.00375174
Year 1986 Pred =  0.342273 0.425162 0.180398 0.0406435 0.00793439 0.00358969
Year 1987 Obs  =  0 0.0906324 0.73468 0.174688 0 0
Year 1987 Pred =  0.321225 0.412734 0.200249 0.053227 0.0097319 0.002833
Year 1988 Obs  =  0.197465 0.292743 0.102191 0.142559 0.241389 0.0236525
Year 1988 Pred =  0.292636 0.383677 0.217976 0.0816273 0.0193917 0.00469221
Year 1989 Obs  =  0.0134577 0.932524 0.0446138 0.00940397 0 0
Year 1989 Pred =  0.278754 0.361275 0.212789 0.101027 0.0354425 0.0107127
Year 1990 Obs  =  0.00491306 0.0266775 0.843523 0.121401 0.00348479 0
Year 1990 Pred =  0.292067 0.369554 0.197171 0.0868971 0.0369875 0.0173231
Year 1991 Obs  =  0.0301034 0.0733666 0.309697 0.512925 0.0664961 0.00741182
Year 1991 Pred =  0.310887 0.391587 0.190777 0.0664589 0.024541 0.0157495
Year 1992 Obs  =  0.00879786 0.0226467 0.255114 0.713442 0 0
Year 1992 Pred =  0.31429 0.398522 0.195499 0.0622697 0.0181228 0.0112968
Year 1993 Obs  =  0.0181995 0.283464 0.125388 0.493836 0.0791121 0
Year 1993 Pred =  0.291242 0.387387 0.215211 0.0756193 0.0205562 0.00998451
Year 1994 Obs  =  0 0.721072 0.0439936 0 0.183448 0.0514863
Year 1994 Pred =  0.316104 0.369488 0.186191 0.0859995 0.0298404 0.0123769
Year 1995 Obs  =  0.0110037 0.815832 0.0476576 0.0643512 0.0130507 0.0481046
Year 1995 Pred =  0.335327 0.440384 0.172834 0.0355596 0.0105705 0.00532571
Year 1996 Obs  =  0 0.16995 0.557214 0.242165 0.0306704 0
Year 1996 Pred =  0.27128 0.364292 0.243503 0.093117 0.019057 0.00875019
Year 1997 Obs  =  0.0212567 0.357553 0.462065 0.132015 0.0271112 0
Year 1997 Pred =  0.304096 0.357026 0.18398 0.103574 0.03928 0.0120437
Year 1998 Obs  =  0.0184075 0.817895 0.104595 0.0436838 0.00984633 0.00557223
Year 1998 Pred =  0.342437 0.438157 0.165425 0.0347468 0.0127551 0.00647976
Year 1999 Obs  =  0.0115812 0.21242 0.630265 0.113956 0.0242937 0.00748371
Year 1999 Pred =  0.318712 0.397257 0.206336 0.0596989 0.0114728 0.00652356
Year 2000 Obs  =  0.00668352 0.403184 0.516162 0.0684848 0.00548595 0
Year 2000 Pred =  0.314026 0.406522 0.197918 0.0626248 0.0144365 0.00447229
Year 2001 Obs  =  0 0.0440601 0.736538 0.152541 0.0522797 0.0145814
Year 2001 Pred =  0.304209 0.382703 0.205561 0.0779023 0.0226224 0.00700293
Year 2002 Obs  =  0.0280158 0.683831 0.135028 0.114726 0.0383989 0
Year 2002 Pred =  0.296297 0.392183 0.20676 0.073169 0.0227296 0.00886191
Year 2003 Obs  =  0.0688254 0.167473 0.452382 0.239083 0.0722367 0
Year 2003 Pred =  0.25514 0.343474 0.229486 0.114602 0.0397066 0.0175909
Year 2004 Obs  =  0.0271103 0.226578 0.486959 0.137058 0.090288 0.0320077
Year 2004 Pred =  0.227768 0.307513 0.21443 0.142427 0.0712782 0.0365845
Year 2005 Obs  =  0.214711 0.300087 0.141208 0.0984027 0.222562 0.0230291
Year 2005 Pred =  0.209132 0.283157 0.200069 0.140504 0.0940076 0.0731312
Year 2006 Obs  =  0.0251601 0.793738 0.112273 0.0530311 0 0.0157978
Year 2006 Pred =  0.194912 0.264016 0.188523 0.136324 0.0972154 0.11901
Year 2007 Obs  =  0 0.396358 0.543565 0.0600765 0 0
Year 2007 Pred =  0.185286 0.250961 0.179254 0.130989 0.0961828 0.157328
Year 2008 Obs  =  0 0.0393185 0.541915 0.379794 0.038973 0
Year 2008 Pred =  0.178496 0.241797 0.172717 0.126218 0.0936376 0.187135
Year 2009 Obs  =  0.0394994 0.241036 0.218994 0.335979 0.152724 0.0117682
Year 2009 Pred =  0.17334 0.234878 0.16796 0.122892 0.0912169 0.209713
 Index number 2
Year 1973 Obs  =  0.119324 0.150538 0.340303 0.18644 0.132132 0.071264
Year 1973 Pred =  0.1289 0.181802 0.281845 0.164378 0.10922 0.133854
Year 1974 Obs  =  0.143825 0.226914 0.0805289 0.316983 0.134204 0.0975437
Year 1974 Pred =  0.201227 0.199199 0.122891 0.190821 0.113483 0.17238
Year 1975 Obs  =  0.571739 0.157148 0.0579031 0.0870644 0.0831009 0.0430439
Year 1975 Pred =  0.291905 0.250017 0.114055 0.0685213 0.108493 0.167009
Year 1976 Obs  =  0.274768 0.58828 0.048958 0.00646431 0.0102111 0.071319
Year 1976 Pred =  0.293061 0.320296 0.133753 0.0610315 0.037388 0.15447
Year 1977 Obs  =  0.510178 0.324685 0.127419 0.00740478 0.0063383 0.0239741
Year 1977 Pred =  0.279315 0.327364 0.174584 0.073645 0.0342659 0.110826
Year 1978 Obs  =  0.277989 0.637789 0.0395617 0.0315021 0.00320452 0.00995354
Year 1978 Pred =  0.323837 0.344733 0.159197 0.0748257 0.0321854 0.0652226
Year 1979 Obs  =  0.224595 0.493926 0.237504 0.0361866 0.0039531 0.00383438
Year 1979 Pred =  0.323699 0.394021 0.158636 0.0596764 0.0273574 0.0366104
Year 1980 Obs  =  0.224752 0.566796 0.147518 0.0609345 0 0
Year 1980 Pred =  0.311721 0.388862 0.188071 0.0629508 0.023032 0.0253638
Year 1981 Obs  =  0.456806 0.461127 0.0657022 0.00959521 0.00556436 0.00120465
Year 1981 Pred =  0.297729 0.377942 0.195319 0.0812574 0.0266833 0.0210688
Year 1982 Obs  =  0.0807355 0.712466 0.175838 0.0214155 0.00954477 0
Year 1982 Pred =  0.307487 0.376381 0.184126 0.0796164 0.0326768 0.0197123
Year 1983 Obs  =  0.098224 0.584359 0.290064 0.0240021 0.00198149 0.00136901
Year 1983 Pred =  0.334848 0.391197 0.166098 0.0632435 0.0266318 0.0179817
Year 1984 Obs  =  0.315164 0.278223 0.333711 0.0729019 0 0
Year 1984 Pred =  0.386752 0.411985 0.13641 0.0398006 0.0145318 0.0105204
Year 1985 Obs  =  0.58855 0.297584 0.075863 0.038003 0 0
Year 1985 Pred =  0.407742 0.429668 0.124369 0.0264249 0.0071661 0.00462967
Year 1986 Obs  =  0.173763 0.602503 0.169521 0.0486617 0.00555047 0
Year 1986 Pred =  0.391652 0.434833 0.13864 0.0270901 0.00533898 0.00244573
Year 1987 Obs  =  0.498792 0.24245 0.211192 0.0194377 0.0163604 0.0117682
Year 1987 Pred =  0.346932 0.42381 0.175729 0.0432027 0.00797447 0.00235049
Year 1988 Obs  =  0.872351 0.0634683 0.0281498 0.0281116 0.00263981 0.00527961
Year 1988 Pred =  0.307028 0.394424 0.20391 0.0728778 0.0174784 0.00428223
Year 1989 Obs  =  0.00190176 0.863039 0.119851 0.0142636 0.000944549 0
Year 1989 Pred =  0.306719 0.378688 0.191407 0.0842257 0.0298303 0.00912936
Year 1990 Obs  =  0.0049042 0.351089 0.596556 0.047451 0 0
Year 1990 Pred =  0.339536 0.391922 0.163964 0.0640208 0.0275104 0.0130459
Year 1991 Obs  =  0.20822 0.0898802 0.566416 0.135484 0 0
Year 1991 Pred =  0.357075 0.409543 0.155849 0.0480069 0.0178965 0.0116292
Year 1992 Obs  =  0.305953 0.0435895 0.130785 0.519673 0 0
Year 1992 Pred =  0.353744 0.414048 0.163229 0.0466309 0.0137008 0.00864737
Year 1993 Obs  =  0.559584 0.0470531 0.218863 0.1745 0 0
Year 1993 Pred =  0.290961 0.392209 0.212703 0.0738801 0.0202751 0.00997136
Year 1994 Obs  =  0.496639 0.300738 0.0720595 0.0782009 0.0355928 0.0167699
Year 1994 Pred =  0.438662 0.395085 0.109816 0.0376903 0.0132027 0.0055447
Year 1995 Obs  =  0.114922 0.533324 0.212714 0.0954239 0 0.0436166
Year 1995 Pred =  0.332444 0.444522 0.171963 0.035144 0.0105467 0.00538027
Year 1996 Obs  =  0.482733 0.173197 0.34407 0 0 0
Year 1996 Pred =  0.270096 0.368579 0.241878 0.0916943 0.0189449 0.00880772
Year 1997 Obs  =  0.265647 0.167671 0.471445 0.0875939 0.00764327 0
Year 1997 Pred =  0.42674 0.389298 0.112604 0.0475172 0.0181927 0.00564797
Year 1998 Obs  =  0.328991 0.598934 0.0456372 0.0179634 0 0.00847493
Year 1998 Pred =  0.360672 0.445385 0.148265 0.0292576 0.0108426 0.00557719
Year 1999 Obs  =  0.630119 0.199403 0.142041 0.0142187 0.0142187 0
Year 1999 Pred =  0.376493 0.414536 0.157874 0.0391331 0.00759229 0.00437115
Year 2000 Obs  =  0.0222849 0.753349 0.13677 0.0772468 0 0.0103488
Year 2000 Pred =  0.333188 0.417098 0.179787 0.0535544 0.0124634 0.00390941
Year 2001 Obs  =  0.317228 0.496389 0.128702 0.0576805 0 0
Year 2001 Pred =  0.356291 0.4032 0.164926 0.0545706 0.0159983 0.00501443
Year 2002 Obs  =  0.0845937 0.583246 0.285288 0.0468723 0 0
Year 2002 Pred =  0.29832 0.397967 0.202481 0.0704273 0.0220867 0.00871916
Year 2003 Obs  =  0.687923 0.00486205 0.157919 0.134709 0 0.0145861
Year 2003 Pred =  0.251178 0.345919 0.230085 0.114701 0.0401202 0.0179968
Year 2004 Obs  =  0.26624 0.371086 0 0.0871631 0.181485 0.0940253
Year 2004 Pred =  0.222539 0.308382 0.215551 0.143415 0.0724576 0.0376558
Year 2005 Obs  =  0.716918 0.176092 0.0703533 0.0184575 0.0181799 0
Year 2005 Pred =  0.201694 0.281736 0.201687 0.142642 0.0963491 0.0758917
Year 2006 Obs  =  0.337416 0.608829 0.0483145 0.00544052 0 0
Year 2006 Pred =  0.187555 0.262099 0.18962 0.138088 0.099413 0.123225
Year 2007 Obs  =  0.129778 0.648543 0.206362 0 0.0153167 0
Year 2007 Pred =  0.178051 0.248769 0.179982 0.132433 0.0981716 0.162593
Year 2008 Obs  =  0.324301 0.119845 0.326725 0.2036 0.0179777 0.00755143
Year 2008 Pred =  0.171193 0.239291 0.173239 0.127516 0.0955041 0.193257
Year 2009 Obs  =  0.224905 0.371765 0.222819 0.167508 0.0130026 0
Year 2009 Pred =  0.165882 0.232048 0.168358 0.124141 0.0930236 0.216546

Index Selectivity at Age
 0.5 1 1 1 1 1
 0.5 1 1 1 1 1

Deviations section: only applicable if associated lambda > 0
Nyear1 observed, expected, standardized residual
N/A

Fleet Obs, Initial, and Stadardized Residual for Fmult
N/A

Standardized Residuals for Fmult_devs by fleet and year
N/A

Index Obs, Initial, and Standardized Residual for q_year1
N/A

Standardized Residuals for catchability deviations by index and year
N/A

Obs, Initial, and Stadardized Residual for SR steepness
N/A

Obs, Initial, and Stadardized Residual for SR scaler
N/A

End of Deviations Section

Selectivity by age and year for each fleet
 fleet 1 selectivity at age
 0.5 0.75 1 1 1 1
 0.5 0.75 1 1 1 1
 0.5 0.75 1 1 1 1
 0.5 0.75 1 1 1 1
 0.5 0.75 1 1 1 1
 0.01 0.25 0.75 1 1 1
 0.01 0.25 0.75 1 1 1
 0.01 0.25 0.75 1 1 1
 0.01 0.25 0.75 1 1 1
 0.01 0.25 0.75 1 1 1
 0.01 0.25 0.75 1 1 1
 0.01 0.25 0.75 1 1 1
 0.01 0.25 0.75 1 1 1
 0.01 0.25 0.75 1 1 1
 0.01 0.25 0.75 1 1 1
 0.01 0.25 0.75 1 1 1
 0.01 0.25 0.75 1 1 1
 0.01 0.25 0.75 1 1 1
 0.01 0.25 0.75 1 1 1
 0.01 0.25 0.75 1 1 1
 0.01 0.25 0.75 1 1 1
 0.01 0.25 0.75 1 1 1
 0.01 0.25 0.75 1 1 1
 0.01 0.25 0.75 1 1 1
 0.01 0.25 0.75 1 1 1
 0.01 0.25 0.75 1 1 1
 0.01 0.25 0.75 1 1 1
 0.01 0.25 0.75 1 1 1
 0.01 0.25 0.75 1 1 1
 0.01 0.25 0.75 1 1 1
 0.01 0.25 0.75 1 1 1
 0.01 0.25 0.75 1 1 1
 0.01 0.25 0.75 1 1 1
 0.01 0.25 0.75 1 1 1
 0.01 0.25 0.75 1 1 1
 0.01 0.25 0.75 1 1 1
 0.01 0.25 0.75 1 1 1

Fmult by year for each fleet
1973   0.386354
1974   0.836528
1975   0.408183
1976   0.250354
1977   0.298605
1978   0.711466
1979   0.756626
1980   0.617864
1981   0.528673
1982   0.73579
1983   0.983356
1984   1.48256
1985   1.51497
1986   1.22311
1987   0.708387
1988   0.457352
1989   0.691903
1990   1.05275
1991   1.06819
1992   0.954483
1993   0.17637
1994   2.45979
1995   0.137625
1996   0.153584
1997   2.38995
1998   0.583494
1999   1.32112
2000   0.567056
2001   1.16969
2002   0.22221
2003   0.0979498
2004   0.0704342
2005   0.0276421
2006   0.0276219
2007   0.0287011
2008   0.0262474
2009   0.0220445

Directed F by age and year for each fleet
 fleet 1 directed F at age
 0.193177 0.289765 0.386354 0.386354 0.386354 0.386354
 0.418264 0.627396 0.836528 0.836528 0.836528 0.836528
 0.204091 0.306137 0.408183 0.408183 0.408183 0.408183
 0.125177 0.187765 0.250354 0.250354 0.250354 0.250354
 0.149302 0.223954 0.298605 0.298605 0.298605 0.298605
 0.00711466 0.177866 0.533599 0.711466 0.711466 0.711466
 0.00756626 0.189156 0.567469 0.756626 0.756626 0.756626
 0.00617864 0.154466 0.463398 0.617864 0.617864 0.617864
 0.00528673 0.132168 0.396505 0.528673 0.528673 0.528673
 0.0073579 0.183948 0.551843 0.73579 0.73579 0.73579
 0.00983356 0.245839 0.737517 0.983356 0.983356 0.983356
 0.0148256 0.370639 1.11192 1.48256 1.48256 1.48256
 0.0151497 0.378741 1.13622 1.51497 1.51497 1.51497
 0.0122311 0.305777 0.91733 1.22311 1.22311 1.22311
 0.00708387 0.177097 0.53129 0.708387 0.708387 0.708387
 0.00457352 0.114338 0.343014 0.457352 0.457352 0.457352
 0.00691903 0.172976 0.518928 0.691903 0.691903 0.691903
 0.0105275 0.263189 0.789566 1.05275 1.05275 1.05275
 0.0106819 0.267049 0.801146 1.06819 1.06819 1.06819
 0.00954483 0.238621 0.715863 0.954483 0.954483 0.954483
 0.0017637 0.0440926 0.132278 0.17637 0.17637 0.17637
 0.0245979 0.614947 1.84484 2.45979 2.45979 2.45979
 0.00137625 0.0344064 0.103219 0.137625 0.137625 0.137625
 0.00153584 0.0383959 0.115188 0.153584 0.153584 0.153584
 0.0238995 0.597487 1.79246 2.38995 2.38995 2.38995
 0.00583494 0.145874 0.437621 0.583494 0.583494 0.583494
 0.0132112 0.330281 0.990843 1.32112 1.32112 1.32112
 0.00567056 0.141764 0.425292 0.567056 0.567056 0.567056
 0.0116969 0.292422 0.877265 1.16969 1.16969 1.16969
 0.0022221 0.0555526 0.166658 0.22221 0.22221 0.22221
 0.000979498 0.0244874 0.0734623 0.0979498 0.0979498 0.0979498
 0.000704342 0.0176086 0.0528257 0.0704342 0.0704342 0.0704342
 0.000276421 0.00691053 0.0207316 0.0276421 0.0276421 0.0276421
 0.000276219 0.00690549 0.0207165 0.0276219 0.0276219 0.0276219
 0.000287011 0.00717528 0.0215258 0.0287011 0.0287011 0.0287011
 0.000262474 0.00656185 0.0196856 0.0262474 0.0262474 0.0262474
 0.000220445 0.00551114 0.0165334 0.0220445 0.0220445 0.0220445
Discard F by age and year for each fleet
 fleet 1 Discard F at age
 0 0 0 0 0 0
 0 0 0 0 0 0
 0 0 0 0 0 0
 0 0 0 0 0 0
 0 0 0 0 0 0
 0 0 0 0 0 0
 0 0 0 0 0 0
 0 0 0 0 0 0
 0 0 0 0 0 0
 0 0 0 0 0 0
 0 0 0 0 0 0
 0 0 0 0 0 0
 0 0 0 0 0 0
 0 0 0 0 0 0
 0 0 0 0 0 0
 0 0 0 0 0 0
 0 0 0 0 0 0
 0 0 0 0 0 0
 0 0 0 0 0 0
 0 0 0 0 0 0
 0 0 0 0 0 0
 0 0 0 0 0 0
 0 0 0 0 0 0
 0 0 0 0 0 0
 0 0 0 0 0 0
 0 0 0 0 0 0
 0 0 0 0 0 0
 0 0 0 0 0 0
 0 0 0 0 0 0
 0 0 0 0 0 0
 0 0 0 0 0 0
 0 0 0 0 0 0
 0 0 0 0 0 0
 0 0 0 0 0 0
 0 0 0 0 0 0
 0 0 0 0 0 0
 0 0 0 0 0 0
Total F
 0.193177 0.289765 0.386354 0.386354 0.386354 0.386354
 0.418264 0.627396 0.836528 0.836528 0.836528 0.836528
 0.204091 0.306137 0.408183 0.408183 0.408183 0.408183
 0.125177 0.187765 0.250354 0.250354 0.250354 0.250354
 0.149302 0.223954 0.298605 0.298605 0.298605 0.298605
 0.00711466 0.177866 0.533599 0.711466 0.711466 0.711466
 0.00756626 0.189156 0.567469 0.756626 0.756626 0.756626
 0.00617864 0.154466 0.463398 0.617864 0.617864 0.617864
 0.00528673 0.132168 0.396505 0.528673 0.528673 0.528673
 0.0073579 0.183948 0.551843 0.73579 0.73579 0.73579
 0.00983356 0.245839 0.737517 0.983356 0.983356 0.983356
 0.0148256 0.370639 1.11192 1.48256 1.48256 1.48256
 0.0151497 0.378741 1.13622 1.51497 1.51497 1.51497
 0.0122311 0.305777 0.91733 1.22311 1.22311 1.22311
 0.00708387 0.177097 0.53129 0.708387 0.708387 0.708387
 0.00457352 0.114338 0.343014 0.457352 0.457352 0.457352
 0.00691903 0.172976 0.518928 0.691903 0.691903 0.691903
 0.0105275 0.263189 0.789566 1.05275 1.05275 1.05275
 0.0106819 0.267049 0.801146 1.06819 1.06819 1.06819
 0.00954483 0.238621 0.715863 0.954483 0.954483 0.954483
 0.0017637 0.0440926 0.132278 0.17637 0.17637 0.17637
 0.0245979 0.614947 1.84484 2.45979 2.45979 2.45979
 0.00137625 0.0344064 0.103219 0.137625 0.137625 0.137625
 0.00153584 0.0383959 0.115188 0.153584 0.153584 0.153584
 0.0238995 0.597487 1.79246 2.38995 2.38995 2.38995
 0.00583494 0.145874 0.437621 0.583494 0.583494 0.583494
 0.0132112 0.330281 0.990843 1.32112 1.32112 1.32112
 0.00567056 0.141764 0.425292 0.567056 0.567056 0.567056
 0.0116969 0.292422 0.877265 1.16969 1.16969 1.16969
 0.0022221 0.0555526 0.166658 0.22221 0.22221 0.22221
 0.000979498 0.0244874 0.0734623 0.0979498 0.0979498 0.0979498
 0.000704342 0.0176086 0.0528257 0.0704342 0.0704342 0.0704342
 0.000276421 0.00691053 0.0207316 0.0276421 0.0276421 0.0276421
 0.000276219 0.00690549 0.0207165 0.0276219 0.0276219 0.0276219
 0.000287011 0.00717528 0.0215258 0.0287011 0.0287011 0.0287011
 0.000262474 0.00656185 0.0196856 0.0262474 0.0262474 0.0262474
 0.000220445 0.00551114 0.0165334 0.0220445 0.0220445 0.0220445

Average F for ages 1 to 6
Freport unweighted in .std and MCMC files
year    unweighted   Nweighted    Bweighted
1973  0.338059  0.328202  0.348187
1974  0.731962  0.678903  0.73888
1975  0.35716  0.298015  0.331298
1976  0.219059  0.177829  0.196549
1977  0.261279  0.214607  0.238131
1978  0.475496  0.248699  0.357588
1979  0.505678  0.240607  0.36183
1980  0.412939  0.19359  0.286085
1981  0.35333  0.172351  0.277772
1982  0.491753  0.250331  0.346816
1983  0.65721  0.322022  0.482013
1984  0.990842  0.446213  0.641889
1985  1.0125  0.393408  0.556017
1986  0.817443  0.303163  0.423754
1987  0.473439  0.184235  0.22432
1988  0.305664  0.135429  0.15223
1989  0.462422  0.230354  0.42485
1990  0.703591  0.346322  0.474081
1991  0.71391  0.316572  0.572094
1992  0.637913  0.270895  0.496227
1993  0.117874  0.050753  0.0903748
1994  1.64396  0.869053  1.56184
1995  0.0919797  0.0306713  0.066156
1996  0.102645  0.0484079  0.0849753
1997  1.59728  0.897486  1.49012
1998  0.389969  0.133298  0.216715
1999  0.882951  0.379855  0.668457
2000  0.378983  0.151973  0.24675
2001  0.78174  0.361195  0.606628
2002  0.14851  0.0628696  0.106762
2003  0.0654631  0.0338173  0.061754
2004  0.0470735  0.0280749  0.0476167
2005  0.0184742  0.0120484  0.0203504
2006  0.0184607  0.0128962  0.0214708
2007  0.0191819  0.014027  0.0228896
2008  0.017542  0.0132336  0.0211096
2009  0.0147331  0.0113724  0.0178708

Population Numbers at the Start of the Year
 25179.4 18128 29322 16834 11027 13264
 25179.4 13844 9695.8 14820.1 8688.91 12954.3
 25179.4 11053.7 5282.79 3124.16 4876.64 7367.95
 25179.4 13693.7 5816.08 2612.41 1577.72 6397.83
 25179.4 14818.1 8110.59 3367.84 1544.84 4904
 25179.4 14464.9 8464.64 4475.27 1897.75 3774.57
 25179.4 16675 8652.59 3692.48 1668.79 2191.9
 25179.4 16667.5 9862.67 3648.77 1316.1 1422.53
 25179.4 16690.7 10206.2 4615.22 1494.1 1157.89
 25179.4 16705.6 10450.8 5106.38 2066.15 1223.34
 25179.4 16671 9932.31 4476.48 1858.37 1231.55
 25179.4 16629.8 9316.91 3533.46 1271.86 903.742
 25179.4 16547 8203.45 2279.4 609.4 386.419
 25179.4 16541.6 8096.73 1958.8 380.582 171.115
 25179.4 16589.9 8706.77 2406.4 437.895 126.682
 25179.4 16675.6 9931.38 3806.88 900.093 216.444
 25179.4 16717.5 10629.2 5241.91 1830.26 549.776
 25179.4 16678.3 10049.1 4705.25 1993.28 927.762
 25179.4 16618.2 9160.68 3393.67 1247.23 795.458
 25179.4 16615.7 9092.52 3058.04 885.785 548.725
 25179.4 16634.6 9353.26 3305.5 894.305 431.684
 25179.4 16764.5 11374.7 6094.87 2104.8 867.589
 25179.4 16386 6477.39 1337.16 395.604 198.079
 25179.4 16771 11313.8 4345.31 885.081 403.871
 25179.4 16768.3 11533.5 7499.5 2830.67 862.53
 25179.4 16397.5 6592.97 1428.74 521.986 263.531
 25179.4 16696.4 10127.5 3165.73 605.5 342.157
 25179.4 16573.7 8575.52 2796.62 641.632 197.538
 25179.4 16699.1 10278.5 4168.76 1204.85 370.656
 25179.4 16598.8 8907.87 3179.7 983.078 380.909
 25179.4 16756.8 11220.9 5608.47 1933.98 851.478
 25179.4 16777.7 11685.1 7754.83 3862.55 1970.21
 25179.4 16782.3 11780.4 8244.06 5489.74 4244.13
 25179.4 16789.5 11910.4 8582.35 6091.23 7410.54
 25179.4 16789.5 11915.6 8677.18 6341.31 10308.2
 25179.4 16789.3 11912.4 8673.91 6404.46 12719.9
 25179.4 16789.7 11919.5 8687.55 6417.78 14663.3

Biomass Time Series
Year, TotJan1B, SSB, ExploitableB
1973  34480.6  21543.8  33057.5
1974  25866  13067.4  24769.9
1975  15915.5  7796.19  14141.7
1976  16102.8  7799.86  14007.2
1977  16146.7  7862.18  14089.9
1978  17198.4  7672.37  9677.49
1979  15108  6622.21  7854.1
1980  15434.1  7013.56  8101.01
1981  13143.6  6811.9  7577.11
1982  15955.2  7055.99  8852.94
1983  14749.8  6205.97  8127.5
1984  12311.1  4040.7  5675.74
1985  11015.7  3620.4  4839.4
1986  11147.7  3762.43  4471.48
1987  13351  4509.62  4758.66
1988  17540.1  6485.65  6843.54
1989  11754.1  6352.28  7545.05
1990  13011.8  5093.74  7064.42
1991  9589.99  4434.48  5677.41
1992  8997.49  4920.65  6273.21
1993  10868  6834.72  6755.23
1994  11679.6  3900.48  7701.96
1995  5687.05  3629.25  3398.25
1996  9917.79  7176.81  7372.13
1997  14554.2  4851.64  10323
1998  9270.53  4081.47  4224.61
1999  11603  5206.96  7085.16
2000  11785  5842.24  6377.69
2001  13643  6296.44  8262.67
2002  12658.9  7216.87  7199.22
2003  14164  10156  10219.8
2004  16893.4  12573.5  13098.6
2005  19593  15400.9  15997.3
2006  21434.1  17068.9  17989.6
2007  24003  19639  21071.9
2008  30114.1  24183.4  25995.2
2009  27037.5  22219.6  23746.5

q by index
 index 1 q over time
1973  0.166682
1974  0.166682
1975  0.166682
1976  0.166682
1977  0.166682
1978  0.166682
1979  0.166682
1980  0.166682
1981  0.166682
1982  0.166682
1983  0.166682
1984  0.166682
1985  0.166682
1986  0.166682
1987  0.166682
1988  0.166682
1989  0.166682
1990  0.166682
1991  0.166682
1992  0.166682
1993  0.166682
1994  0.166682
1995  0.166682
1996  0.166682
1997  0.166682
1998  0.166682
1999  0.166682
2000  0.166682
2001  0.166682
2002  0.166682
2003  0.166682
2004  0.166682
2005  0.166682
2006  0.166682
2007  0.166682
2008  0.166682
2009  0.166682
 index 2 q over time
1973  0.131389
1974  0.131389
1975  0.131389
1976  0.131389
1977  0.131389
1978  0.131389
1979  0.131389
1980  0.131389
1981  0.131389
1982  0.131389
1983  0.131389
1984  0.131389
1985  0.131389
1986  0.131389
1987  0.131389
1988  0.131389
1989  0.131389
1990  0.131389
1991  0.131389
1992  0.131389
1993  0.131389
1994  0.131389
1995  0.131389
1996  0.131389
1997  0.131389
1998  0.131389
1999  0.131389
2000  0.131389
2001  0.131389
2002  0.131389
2003  0.131389
2004  0.131389
2005  0.131389
2006  0.131389
2007  0.131389
2008  0.131389
2009  0.131389

Proportions of catch at age by fleet
 fleet 1
Year 1 Obs  =  0.00545691 0.144785 0.320763 0.216458 0.14188 0.170658
Year 1 Pred =  0.133109 0.141978 0.298569 0.173018 0.114299 0.139028
Year 2 Obs  =  0.0169397 0.555763 0.117739 0.158347 0.0792596 0.0719506
Year 2 Pred =  0.198407 0.154136 0.134196 0.206886 0.122244 0.184131
Year 3 Obs  =  0.444401 0.220404 0.104175 0.0624274 0.0883052 0.0802875
Year 3 Pred =  0.308035 0.199858 0.123892 0.0739519 0.116413 0.17785
Year 4 Obs  =  0.0209783 0.66913 0.128152 0.0355435 0.0488043 0.0973913
Year 4 Pred =  0.319383 0.261306 0.146463 0.066419 0.0404627 0.165967
Year 5 Obs  =  0.309764 0.296172 0.304651 0.0316124 0.0173338 0.0404664
Year 5 Pred =  0.303504 0.267232 0.191992 0.0804824 0.0372367 0.119553
Year 6 Obs  =  0.312325 0.525768 0.0862784 0.0586358 0.00985241 0.00714001
Year 6 Pred =  0.0148956 0.204114 0.311417 0.205359 0.0877803 0.176435
Year 7 Obs  =  0.00653549 0.632045 0.304111 0.0373155 0.01539 0.00460295
Year 7 Pred =  0.0164512 0.258591 0.346561 0.183678 0.0836711 0.111049
Year 8 Obs  =  0.0423678 0.445853 0.303951 0.176525 0.0236043 0.00769905
Year 8 Pred =  0.0159645 0.254678 0.400756 0.18661 0.0678583 0.0741335
Year 9 Obs  =  0.00184512 0.359635 0.409508 0.158789 0.060292 0.00993108
Year 9 Pred =  0.0146687 0.236651 0.392274 0.225268 0.0735313 0.0576075
Year 10 Obs  =  0.00311582 0.669013 0.28135 0.0366404 0.00818395 0.00169595
Year 10 Pred =  0.0146797 0.231696 0.37599 0.228611 0.0932382 0.0557852
Year 11 Obs  =  0.0355781 0.277899 0.624782 0.0532119 0.00569072 0.00283797
Year 11 Pred =  0.0167093 0.256181 0.376468 0.206469 0.0863652 0.0578079
Year 12 Obs  =  0.0132301 0.165658 0.560028 0.2286 0.024715 0.00776918
Year 12 Pred =  0.0213418 0.309417 0.389105 0.172679 0.0625837 0.0448735
Year 13 Obs  =  0.132837 0.507877 0.142054 0.128653 0.0724979 0.0160816
Year 13 Pred =  0.0258265 0.371298 0.410792 0.133261 0.0358712 0.0229509
Year 14 Obs  =  0.0290806 0.662706 0.229467 0.0438627 0.0245907 0.0102922
Year 14 Pred =  0.0254809 0.377754 0.435356 0.125656 0.0245912 0.0111622
Year 15 Obs  =  0.175854 0.39439 0.288537 0.112927 0.0203659 0.00792683
Year 15 Pred =  0.021084 0.331469 0.453849 0.156498 0.0287064 0.00839242
Year 16 Obs  =  0.621881 0.236617 0.0627855 0.0592714 0.0156964 0.00374839
Year 16 Pred =  0.0164414 0.267112 0.438001 0.214785 0.05121 0.0124507
Year 17 Obs  =  0.000990723 0.834009 0.142484 0.0202198 0.00216158 0.000135099
Year 17 Pred =  0.014917 0.236746 0.394068 0.242848 0.0854742 0.0259468
Year 18 Obs  =  0.00388127 0.0424697 0.903484 0.048056 0.00199672 0.000112176
Year 18 Pred =  0.0169167 0.257536 0.377537 0.213841 0.0912687 0.0429003
Year 19 Obs  =  0.0244617 0.0899774 0.298054 0.57427 0.0101263 0.00311108
Year 19 Pred =  0.0196183 0.297094 0.397258 0.177798 0.0658322 0.0424001
Year 20 Obs  =  0.063631 0.198457 0.295016 0.396618 0.0436072 0.00266983
Year 20 Pred =  0.0201097 0.308256 0.418472 0.171694 0.0501125 0.0313563
Year 21 Obs  =  0.00684541 0.248716 0.253851 0.40559 0.0827153 0.0022818
Year 21 Pred =  0.0157759 0.263823 0.435137 0.202858 0.0553684 0.0270378
Year 22 Obs  =  0.08353 0.279849 0.254365 0.192072 0.14488 0.0453044
Year 22 Pred =  0.0214697 0.283667 0.368837 0.218588 0.0759139 0.0315245
Year 23 Obs  =  0.00102564 0.347692 0.281026 0.28 0.0584615 0.0317949
Year 23 Pred =  0.0224317 0.371139 0.434238 0.118778 0.0354537 0.0179599
Year 24 Obs  =  0.00207792 0.255065 0.587532 0.123636 0.0161039 0.0155844
Year 24 Pred =  0.0135608 0.229226 0.456003 0.231636 0.0475998 0.0219743
Year 25 Obs  =  0.00606277 0.0649073 0.542439 0.328103 0.0410128 0.017475
Year 25 Pred =  0.0195453 0.260128 0.346392 0.24993 0.0948767 0.0291282
Year 26 Obs  =  0.00171233 0.421918 0.399315 0.144863 0.0267123 0.00547945
Year 26 Pred =  0.0244197 0.384707 0.414373 0.113409 0.0417735 0.0213178
Year 27 Obs  =  0.0212177 0.133149 0.655597 0.148216 0.0289053 0.0129151
Year 27 Pred =  0.021468 0.317895 0.445748 0.164982 0.0317801 0.0181267
Year 28 Obs  =  0.00556242 0.36063 0.440667 0.172435 0.0176143 0.00309023
Year 28 Pred =  0.01958 0.312342 0.434474 0.179239 0.0414616 0.0129031
Year 29 Obs  =  0 0.155885 0.614074 0.17261 0.0438624 0.0135689
Year 29 Pred =  0.0189095 0.284628 0.416705 0.202493 0.0589531 0.0183113
Year 30 Obs  =  0.00341797 0.187988 0.563477 0.228027 0.0166016 0.000488281
Year 30 Pred =  0.0164384 0.272902 0.425089 0.199125 0.062104 0.0243412
Year 31 Obs  =  0.00210084 0.163866 0.511905 0.289216 0.0238095 0.00910364
Year 31 Pred =  0.0116291 0.197643 0.395374 0.263059 0.0915241 0.0407716
Year 32 Obs  =  0.204641 0.122363 0.244023 0.214487 0.14346 0.0710267
Year 32 Pred =  0.0091211 0.155694 0.326041 0.288964 0.145225 0.0749553
Year 33 Obs  =  0.0431849 0.249663 0.25641 0.226721 0.157895 0.0661269
Year 33 Pred =  0.00767745 0.131723 0.280845 0.263807 0.177265 0.138682
Year 34 Obs  =  0.0509491 0.353646 0.303696 0.158841 0.0609391 0.0719281
Year 34 Pred =  0.0067531 0.115914 0.249759 0.24157 0.173008 0.212997
Year 35 Obs  =  0.00721154 0.223558 0.563301 0.141026 0.0360577 0.0288462
Year 35 Pred =  0.00618024 0.106068 0.228585 0.223407 0.164748 0.271011
Year 36 Obs  =  0.0234926 0.0524667 0.358653 0.518403 0.0399374 0.00704777
Year 36 Pred =  0.00579779 0.0995308 0.214566 0.209745 0.156273 0.314088
Year 37 Obs  =  0.0152174 0.182609 0.167391 0.345652 0.273913 0.0152174
Year 37 Pred =  0.00551863 0.0947858 0.204659 0.200355 0.149354 0.345328

Proportions of Discards at age by fleet
 fleet 1
Year 1 Obs  =  0 0 0 0 0 0
Year 1 Pred =  1e-015 1e-015 1e-015 1e-015 1e-015 1e-015
Year 2 Obs  =  0 0 0 0 0 0
Year 2 Pred =  1e-015 1e-015 1e-015 1e-015 1e-015 1e-015
Year 3 Obs  =  0 0 0 0 0 0
Year 3 Pred =  1e-015 1e-015 1e-015 1e-015 1e-015 1e-015
Year 4 Obs  =  0 0 0 0 0 0
Year 4 Pred =  1e-015 1e-015 1e-015 1e-015 1e-015 1e-015
Year 5 Obs  =  0 0 0 0 0 0
Year 5 Pred =  1e-015 1e-015 1e-015 1e-015 1e-015 1e-015
Year 6 Obs  =  0 0 0 0 0 0
Year 6 Pred =  1e-015 1e-015 1e-015 1e-015 1e-015 1e-015
Year 7 Obs  =  0 0 0 0 0 0
Year 7 Pred =  1e-015 1e-015 1e-015 1e-015 1e-015 1e-015
Year 8 Obs  =  0 0 0 0 0 0
Year 8 Pred =  1e-015 1e-015 1e-015 1e-015 1e-015 1e-015
Year 9 Obs  =  0 0 0 0 0 0
Year 9 Pred =  1e-015 1e-015 1e-015 1e-015 1e-015 1e-015
Year 10 Obs  =  0 0 0 0 0 0
Year 10 Pred =  1e-015 1e-015 1e-015 1e-015 1e-015 1e-015
Year 11 Obs  =  0 0 0 0 0 0
Year 11 Pred =  1e-015 1e-015 1e-015 1e-015 1e-015 1e-015
Year 12 Obs  =  0 0 0 0 0 0
Year 12 Pred =  1e-015 1e-015 1e-015 1e-015 1e-015 1e-015
Year 13 Obs  =  0 0 0 0 0 0
Year 13 Pred =  1e-015 1e-015 1e-015 1e-015 1e-015 1e-015
Year 14 Obs  =  0 0 0 0 0 0
Year 14 Pred =  1e-015 1e-015 1e-015 1e-015 1e-015 1e-015
Year 15 Obs  =  0 0 0 0 0 0
Year 15 Pred =  1e-015 1e-015 1e-015 1e-015 1e-015 1e-015
Year 16 Obs  =  0 0 0 0 0 0
Year 16 Pred =  1e-015 1e-015 1e-015 1e-015 1e-015 1e-015
Year 17 Obs  =  0 0 0 0 0 0
Year 17 Pred =  1e-015 1e-015 1e-015 1e-015 1e-015 1e-015
Year 18 Obs  =  0 0 0 0 0 0
Year 18 Pred =  1e-015 1e-015 1e-015 1e-015 1e-015 1e-015
Year 19 Obs  =  0 0 0 0 0 0
Year 19 Pred =  1e-015 1e-015 1e-015 1e-015 1e-015 1e-015
Year 20 Obs  =  0 0 0 0 0 0
Year 20 Pred =  1e-015 1e-015 1e-015 1e-015 1e-015 1e-015
Year 21 Obs  =  0 0 0 0 0 0
Year 21 Pred =  1e-015 1e-015 1e-015 1e-015 1e-015 1e-015
Year 22 Obs  =  0 0 0 0 0 0
Year 22 Pred =  1e-015 1e-015 1e-015 1e-015 1e-015 1e-015
Year 23 Obs  =  0 0 0 0 0 0
Year 23 Pred =  1e-015 1e-015 1e-015 1e-015 1e-015 1e-015
Year 24 Obs  =  0 0 0 0 0 0
Year 24 Pred =  1e-015 1e-015 1e-015 1e-015 1e-015 1e-015
Year 25 Obs  =  0 0 0 0 0 0
Year 25 Pred =  1e-015 1e-015 1e-015 1e-015 1e-015 1e-015
Year 26 Obs  =  0 0 0 0 0 0
Year 26 Pred =  1e-015 1e-015 1e-015 1e-015 1e-015 1e-015
Year 27 Obs  =  0 0 0 0 0 0
Year 27 Pred =  1e-015 1e-015 1e-015 1e-015 1e-015 1e-015
Year 28 Obs  =  0 0 0 0 0 0
Year 28 Pred =  1e-015 1e-015 1e-015 1e-015 1e-015 1e-015
Year 29 Obs  =  0 0 0 0 0 0
