Age Structured Assessment Program (ASAP) Version 3.0
Start time for run: Fri Dec 15 12:02:34 2017

obj_fun        = 2440.15

Component                Lambda          obj_fun
__Catch_Fleet_1               1          -48.2695
Catch_Fleet_Total             1          -48.2695
Discard_Fleet_Total           0          0
__Index_Fit_1                 1          22.2799
__Index_Fit_2                 1          -3.94556
Index_Fit_Total               2          18.3343
Catch_Age_Comps       see_below          1244.31
Discard_Age_Comps     see_below          0
Index_Age_Comps       see_below          1225.71
__Sel_Param_1                 0          0
__Sel_Param_2                 0          0
__Sel_Param_3                 0          0
__Sel_Param_7                 0          0
__Sel_Param_8                 0          0
__Sel_Param_9                 0          0
__Sel_Param_13                0          0
__Sel_Param_14                0          0
__Sel_Param_15                0          0
__Sel_Param_19                0          0
__Sel_Param_20                0          0
__Sel_Param_21                0          0
__Sel_Param_25                0          0
__Sel_Param_26                0          0
__Sel_Param_27                0          0
__Sel_Param_31                0          0
__Sel_Param_32                0          0
__Sel_Param_33                0          0
Sel_Params_Total              0          0
__Index_Sel_Param_1           0          0
__Index_Sel_Param_2           0          0
__Index_Sel_Param_3           0          0
__Index_Sel_Param_7           0          0
__Index_Sel_Param_8           0          0
__Index_Sel_Param_9           0          0
Index_Sel_Params_Total        0          0
q_year1_Total                 0          0
q_devs_Total                  0          0
__Fmult_year1_fleet_1         0          -0
Fmult_year1_fleet_Total       0          0
Fmult_devs_fleet_Total        0          0
N_year_1                      0          0
Recruit_devs                  0          0
SR_steepness                  0          0
SR_scaler                     0          0
Fmult_Max_penalty          1000          0
F_penalty                     0.1          0.0607325

 Input and Estimated effective sample sizes for fleet 1
1973  18  21.9496
1974  18  5.62575
1975  18  40.9204
1976  18  6.60609
1977  18  5.67572
1978  18  6.14078
1979  18  10.0694
1980  18  11.4488
1981  18  78.4314
1982  18  37.5941
1983  18  54.2225
1984  18  17.0181
1985  18  11.3039
1986  18  8.83883
1987  18  2.46425
1988  18  3.66358
1989  18  127.362
1990  18  8.75726
1991  18  14.9155
1992  18  14.8671
1993  18  20.2258
1994  18  73.858
1995  18  17.1089
1996  37  94.025
1997  37  15.0998
1998  37  35.7761
1999  37  25.0673
2000  37  42.8589
2001  37  50.0774
2002  37  21.1268
2003  37  50.176
2004  37  13.9386
2005  37  103.688
2006  37  21.4951
2007  37  494.928
2008  37  36.5671
2009  37  156.489
 Total  932  1760.38

 Input and Estimated effective Discard sample sizes for fleet 1
1973  0  0
1974  0  0
1975  0  0
1976  0  0
1977  0  0
1978  0  0
1979  0  0
1980  0  0
1981  0  0
1982  0  0
1983  0  0
1984  0  0
1985  0  0
1986  0  0
1987  0  0
1988  0  0
1989  0  0
1990  0  0
1991  0  0
1992  0  0
1993  0  0
1994  0  0
1995  0  0
1996  0  0
1997  0  0
1998  0  0
1999  0  0
2000  0  0
2001  0  0
2002  0  0
2003  0  0
2004  0  0
2005  0  0
2006  0  0
2007  0  0
2008  0  0
2009  0  0
 Total  0  0

Observed and predicted total fleet catch by year and standardized residual
 fleet 1 total catches
1973  14549  11098  1.36715
1974  17088  15154.7  0.606267
1975  5732  5498.56  0.209948
1976  3436  3198.93  0.360997
1977  5223  4897.73  0.324678
1978  8085  7258.39  0.544596
1979  9883  7666.64  1.28224
1980  8021  6931.73  0.736985
1981  6607  6052.21  0.442864
1982  15764  13956.4  0.614977
1983  22211  20267.5  0.462364
1984  11225  11915  -0.301227
1985  4817  4731.37  0.0905743
1986  4620  3764.09  1.03457
1987  2652  2456.67  0.386325
1988  2782  2487.61  0.564758
1989  8349  5613  2.00491
1990  17916  11702.7  2.15043
1991  6430  6484.48  -0.042605
1992  2695  2887.08  -0.347646
1993  771  792.003  -0.135711
1994  735  704.95  0.21078
1995  343  341.863  0.0167667
1996  759  782.935  -0.156772
1997  1222  1296.64  -0.299377
1998  1087  1233.22  -0.637281
1999  1403  1791.55  -1.23441
2000  1397  1738.17  -1.10332
2001  1449  2106.33  -1.88885
2002  945  996.764  -0.269281
2003  666  697.803  -0.235542
2004  619  602.653  0.135141
2005  346  344.327  0.0244815
2006  396  412.297  -0.203641
2007  502  512.624  -0.105744
2008  583  587.52  -0.0389984
2009  453  456.448  -0.0382902
Observed and predicted total fleet Discards by year and standardized residual
 fleet 1 total Discards
1973  0  0  0
1974  0  0  0
1975  0  0  0
1976  0  0  0
1977  0  0  0
1978  0  0  0
1979  0  0  0
1980  0  0  0
1981  0  0  0
1982  0  0  0
1983  0  0  0
1984  0  0  0
1985  0  0  0
1986  0  0  0
1987  0  0  0
1988  0  0  0
1989  0  0  0
1990  0  0  0
1991  0  0  0
1992  0  0  0
1993  0  0  0
1994  0  0  0
1995  0  0  0
1996  0  0  0
1997  0  0  0
1998  0  0  0
1999  0  0  0
2000  0  0  0
2001  0  0  0
2002  0  0  0
2003  0  0  0
2004  0  0  0
2005  0  0  0
2006  0  0  0
2007  0  0  0
2008  0  0  0
2009  0  0  0

Index data
index number 1
aggregate units = 2
proportions units = 2
month = 4
starting and ending ages for selectivity = 1  6
selectivity choice = -1
 year, obs index, pred index, standardized residual
1973  45993.3  21001.8  3.60565
1974  18318.7  12171.3  1.30941
1975  4839.41  8675.33  -2.05405
1976  5942.61  8107.43  -1.02547
1977  6925.37  11740.1  -1.40272
1978  18730.7  15122.1  0.778957
1979  5889.55  15684.6  -3.13707
1980  14774.4  17562.1  -0.761316
1981  27000.5  33225  -0.73003
1982  43523.9  38736.5  0.410069
1983  30456.2  24468.5  0.889059
1984  8397.88  11117.6  -1.02118
1985  6074.29  7555.28  -0.625001
1986  7020.75  5567.1  1.02182
1987  1593.48  4130.73  -2.87996
1988  2035.3  18191.4  -6.27434
1989  17077.9  25099.3  -1.40157
1990  25849.5  15796.3  1.6259
1991  11510  6171.85  2.63352
1992  3741.82  2260.39  1.71697
1993  1493.45  1439.16  0.115164
1994  529.85  1845.16  -3.31596
1995  2393.74  2297.49  0.139802
1996  3908.97  2441.63  1.38439
1997  4137.04  3006.67  0.7432
1998  6162.7  3234.45  2.00509
1999  5117.79  3403.72  1.79638
2000  4801.36  3142.26  1.54316
2001  2626.64  2368.99  0.31215
2002  2910.49  1587.91  1.35624
2003  750.44  1174.73  -1.02287
2004  1002.58  1098.62  -0.2088
2005  1143.77  2104.3  -1.79342
2006  3334.65  3195.05  0.0939185
2007  2429.57  3067.26  -0.793947
2008  2112.49  2895.4  -0.511357
2009  3367.55  2789.33  0.603346
index number 2
aggregate units = 2
proportions units = 2
month = 10
starting and ending ages for selectivity = 1  6
selectivity choice = -1
 year, obs index, pred index, standardized residual
1973  17343  13207.4  0.547502
1974  7069.14  5737.75  0.426542
1975  3338  5252  -0.817361
1976  10016.5  5340.92  1.46439
1977  5279.03  7609.01  -0.887579
1978  8912.42  9635.14  -0.223354
1979  7917.85  9753.78  -0.710365
1980  6111.82  11410.2  -1.39738
1981  24538.3  22981.7  0.192797
1982  35005.5  25144.4  0.688138
1983  27070.6  13298.1  1.76357
1984  6421.5  5346.57  0.486861
1985  1397.52  4484.51  -2.71512
1986  3102.43  3178.76  -0.0590121
1987  2330.01  2466.19  -0.116112
1988  5754.22  12787.7  -2.34909
1989  11846.9  16564.6  -0.831632
1990  5562.57  8299.12  -0.931693
1991  2649.75  2934.48  -0.264932
1992  629.04  1142.2  -1.10774
1993  579.77  941.736  -1.08582
1994  1704.84  1199.81  0.730645
1995  1389.37  1622.88  -0.22308
1996  1066.77  1653.93  -0.814336
1997  3556.07  1952.12  1.48797
1998  3107.97  2124.59  0.791122
1999  2256.89  2175.23  0.0576831
2000  2545.21  1998.34  0.418401
2001  1413.65  1362  0.0701673
2002  3443.4  1004.6  2.35867
2003  1953.92  757.887  1.59532
2004  303.12  713.708  -1.99418
2005  3025.86  1491.42  2.0266
2006  4060.28  2283.65  1.42776
2007  1983.45  2199.68  -0.211508
2008  3774.11  2075.32  1.28921
2009  1949.61  2039.51  -0.140205

Input effective sample sizes by index (row=index, column=year)
 12 12 12 12 12 12 12 12 12 12 12 12 12 12 12 12 12 12 12 12 12 12 12 12 12 12 12 12 12 12 12 12 12 12 12 12 12
 12 12 12 12 12 12 12 12 12 12 12 12 12 12 12 12 12 12 12 12 12 12 12 12 12 12 12 12 12 12 12 12 12 12 12 12 12
Estimated effective sample sizes by index (row=index, column=year)
 22.386 15.7804 3.25446 7.34065 3.92142 6.52348 23.9594 3.78875 1.19807 10.4918 26.6613 4.45463 5.5993 23.6858 2.12526 0.489694 6.55665 2.53478 7.25208 2.53065 3.72422 1.57643 3.14186 3.27713 2.47064 4.54773 2.46342 3.70682 2.13144 8.06978 14.5499 3.72047 2.78472 3.79867 12.8399 5.2087 15.0971
 58.542 27.9829 48.5639 66.071 20.6375 8.29947 21.6266 6.12395 9.04157 16.6027 24.7788 70.719 22.3416 104.785 115.6 146.052 6.21328 13.3725 5.03125 3.74776 5.97768 200.27 10.9042 6.34907 3.74101 69.6928 10.5973 6.38454 26.0241 26.3316 2.49188 13.2345 48.9714 76.9904 10.997 84.3233 19.4459

Index proportions at age by index
 Index number 1
Year 1973 Obs  =  0.0198451 0.120089 0.328147 0.184446 0.143075 0.204398
Year 1973 Pred =  0.16887 0.171797 0.27282 0.157453 0.103629 0.125431
Year 1974 Obs  =  0.0323298 0.136895 0.16135 0.31115 0.189779 0.168497
Year 1974 Pred =  0.139849 0.269488 0.124721 0.188424 0.110998 0.16652
Year 1975 Obs  =  0.0856282 0.312654 0.0932841 0.120837 0.216884 0.170713
Year 1975 Pred =  0.487028 0.155152 0.123697 0.0479128 0.073884 0.112326
Year 1976 Obs  =  0.00317032 0.723716 0.0976154 0.0468649 0.0445141 0.0841196
Year 1976 Pred =  0.224854 0.526329 0.0778075 0.0573563 0.0226766 0.0909771
Year 1977 Obs  =  0.219988 0.235979 0.416121 0.038011 0.0237893 0.066112
Year 1977 Pred =  0.5462 0.170122 0.192767 0.0275722 0.020746 0.0425925
Year 1978 Obs  =  0.163612 0.634234 0.112641 0.0480981 0.0156262 0.0257877
Year 1978 Pred =  0.406213 0.450504 0.0577238 0.0573201 0.00836852 0.0198705
Year 1979 Obs  =  0.166619 0.492719 0.26245 0.0472567 0.0205789 0.010376
Year 1979 Pred =  0.305244 0.481902 0.184427 0.0131042 0.0101514 0.00517231
Year 1980 Obs  =  0.0450794 0.441312 0.299064 0.188574 0.0185713 0.00739997
Year 1980 Pred =  0.413116 0.342609 0.195927 0.0430576 0.00240351 0.00288699
Year 1981 Obs  =  0.0314469 0.676331 0.175683 0.0906099 0.0217581 0.00417067
Year 1981 Pred =  0.585747 0.279777 0.0923019 0.0349383 0.00642209 0.000813692
Year 1982 Obs  =  0.00781571 0.688143 0.223391 0.0560099 0.0183577 0.00628276
Year 1982 Pred =  0.201899 0.634683 0.122548 0.0291205 0.00969522 0.00205378
Year 1983 Obs  =  0.00217755 0.355656 0.589323 0.0400614 0.0115651 0.00121683
Year 1983 Pred =  0.0719486 0.394945 0.46015 0.0569341 0.0113379 0.00468441
Year 1984 Obs  =  0.00932379 0.110034 0.218891 0.530741 0.0806514 0.0503592
Year 1984 Pred =  0.220364 0.189453 0.342597 0.219924 0.0214631 0.00619903
Year 1985 Obs  =  0.0734474 0.443816 0.111607 0.132179 0.196384 0.042568
Year 1985 Pred =  0.376272 0.38953 0.102797 0.0862954 0.0399547 0.00515114
Year 1986 Obs  =  0.00387138 0.688603 0.217933 0.056306 0.0295353 0.00375174
Year 1986 Pred =  0.133925 0.615186 0.20061 0.0257758 0.0159673 0.00853694
Year 1987 Obs  =  0 0.0906324 0.73468 0.174688 0 0
Year 1987 Pred =  0.372049 0.222563 0.339129 0.0557481 0.00531681 0.00519297
Year 1988 Obs  =  0.197465 0.292743 0.102191 0.142559 0.241389 0.0236525
Year 1988 Pred =  0.850471 0.104592 0.0222347 0.0196357 0.00256739 0.000498624
Year 1989 Obs  =  0.0134577 0.932524 0.0446138 0.00940397 0 0
Year 1989 Pred =  0.186921 0.770748 0.0344743 0.00432173 0.00304716 0.00048713
Year 1990 Obs  =  0.00491306 0.0266775 0.843523 0.121401 0.00348479 0
Year 1990 Pred =  0.0862517 0.362951 0.533475 0.0145652 0.00150118 0.00125631
Year 1991 Obs  =  0.0301034 0.0733666 0.309697 0.512925 0.0664961 0.00741182
Year 1991 Pred =  0.0601851 0.268462 0.374198 0.289922 0.00605353 0.00117981
Year 1992 Obs  =  0.00879786 0.0226467 0.255114 0.713442 0 0
Year 1992 Pred =  0.13674 0.202053 0.303591 0.222939 0.131322 0.00335446
Year 1993 Obs  =  0.0181995 0.283464 0.125388 0.493836 0.0791121 0
Year 1993 Pred =  0.300564 0.276718 0.155793 0.138045 0.0797087 0.0491709
Year 1994 Obs  =  0 0.721072 0.0439936 0 0.183448 0.0514863
Year 1994 Pred =  0.468397 0.29616 0.112609 0.0478904 0.038241 0.0367026
Year 1995 Obs  =  0.0110037 0.815832 0.0476576 0.0643512 0.0130507 0.0481046
Year 1995 Pred =  0.312928 0.493081 0.129705 0.0333383 0.0118483 0.0190996
Year 1996 Obs  =  0 0.16995 0.557214 0.242165 0.0306704 0
Year 1996 Pred =  0.245035 0.384687 0.278337 0.0623686 0.0150992 0.0144729
Year 1997 Obs  =  0.0212567 0.357553 0.462065 0.132015 0.0271112 0
Year 1997 Pred =  0.449728 0.25336 0.169818 0.0972699 0.0200373 0.00978666
Year 1998 Obs  =  0.0184075 0.817895 0.104595 0.0436838 0.00984633 0.00557223
Year 1998 Pred =  0.256923 0.532497 0.120065 0.0550976 0.026936 0.00848181
Year 1999 Obs  =  0.0115812 0.21242 0.630265 0.113956 0.0242937 0.00748371
Year 1999 Pred =  0.37025 0.308832 0.254901 0.0398558 0.0157682 0.0103925
Year 2000 Obs  =  0.00668352 0.403184 0.516162 0.0684848 0.00548595 0
Year 2000 Pred =  0.215563 0.507739 0.165701 0.0909152 0.0119888 0.00809221
Year 2001 Obs  =  0 0.0440601 0.736538 0.152541 0.0522797 0.0145814
Year 2001 Pred =  0.230896 0.353211 0.311325 0.066571 0.0309637 0.00703366
Year 2002 Obs  =  0.0280158 0.683831 0.135028 0.114726 0.0383989 0
Year 2002 Pred =  0.144108 0.439678 0.251712 0.129867 0.0218571 0.0127781
Year 2003 Obs  =  0.0688254 0.167473 0.452382 0.239083 0.0722367 0
Year 2003 Pred =  0.205367 0.252419 0.326396 0.136955 0.0618965 0.0169664
Year 2004 Obs  =  0.0271103 0.226578 0.486959 0.137058 0.090288 0.0320077
Year 2004 Pred =  0.323608 0.283269 0.15047 0.151301 0.0574495 0.0339025
Year 2005 Obs  =  0.214711 0.300087 0.141208 0.0984027 0.222562 0.0230291
Year 2005 Pred =  0.60836 0.221563 0.0853052 0.0346145 0.03095 0.0192069
Year 2006 Obs  =  0.0251601 0.793738 0.112273 0.0530311 0 0.0157978
Year 2006 Pred =  0.32276 0.52955 0.0901584 0.029566 0.0112327 0.016733
Year 2007 Obs  =  0 0.396358 0.543565 0.0600765 0 0
Year 2007 Pred =  0.110741 0.44799 0.354567 0.0536092 0.0167447 0.0163484
Year 2008 Obs  =  0 0.0393185 0.541915 0.379794 0.038973 0
Year 2008 Pred =  0.241602 0.156835 0.314225 0.231549 0.0341021 0.0216869
Year 2009 Obs  =  0.0394994 0.241036 0.218994 0.335979 0.152724 0.0117682
Year 2009 Pred =  0.157151 0.33659 0.109757 0.208458 0.150709 0.0373343
 Index number 2
Year 1973 Obs  =  0.119324 0.150538 0.340303 0.18644 0.132132 0.071264
Year 1973 Pred =  0.174837 0.173951 0.266272 0.155296 0.103185 0.126458
Year 1974 Obs  =  0.143825 0.226914 0.0805289 0.316983 0.134204 0.0975437
Year 1974 Pred =  0.162818 0.281722 0.115389 0.176165 0.104766 0.15914
Year 1975 Obs  =  0.571739 0.157148 0.0579031 0.0870644 0.0831009 0.0430439
Year 1975 Pred =  0.504261 0.15415 0.116233 0.0454971 0.0708286 0.10903
Year 1976 Obs  =  0.274768 0.58828 0.048958 0.00646431 0.0102111 0.071319
Year 1976 Pred =  0.227297 0.526232 0.0758352 0.0564925 0.0225483 0.0915956
Year 1977 Obs  =  0.510178 0.324685 0.127419 0.00740478 0.0063383 0.0239741
Year 1977 Pred =  0.554216 0.169666 0.186241 0.02692 0.0204486 0.0425079
Year 1978 Obs  =  0.277989 0.637789 0.0395617 0.0315021 0.00320452 0.00995354
Year 1978 Pred =  0.461673 0.446219 0.0407604 0.0341919 0.00503955 0.012116
Year 1979 Obs  =  0.224595 0.493926 0.237504 0.0361866 0.0039531 0.00383438
Year 1979 Pred =  0.355511 0.491341 0.135314 0.00816005 0.00638166 0.00329229
Year 1980 Obs  =  0.224752 0.566796 0.147518 0.0609345 0 0
Year 1980 Pred =  0.461305 0.348616 0.155961 0.0303303 0.00170922 0.00207876
Year 1981 Obs  =  0.456806 0.461127 0.0657022 0.00959521 0.00556436 0.00120465
Year 1981 Pred =  0.615189 0.276521 0.0763188 0.0264358 0.00490561 0.000629338
Year 1982 Obs  =  0.0807355 0.712466 0.175838 0.0214155 0.00954477 0
Year 1982 Pred =  0.225668 0.647245 0.0980227 0.020639 0.00693702 0.00148791
Year 1983 Obs  =  0.098224 0.584359 0.290064 0.0240021 0.00198149 0.00136901
Year 1983 Pred =  0.0958944 0.461997 0.389415 0.0410023 0.00824317 0.00344845
Year 1984 Obs  =  0.315164 0.278223 0.333711 0.0729019 0 0
Year 1984 Pred =  0.331128 0.235949 0.273971 0.140998 0.0138918 0.00406253
Year 1985 Obs  =  0.58855 0.297584 0.075863 0.038003 0 0
Year 1985 Pred =  0.458373 0.399091 0.0697185 0.0476418 0.0222686 0.00290694
Year 1986 Obs  =  0.173763 0.602503 0.169521 0.0486617 0.00555047 0
Year 1986 Pred =  0.169621 0.657766 0.143103 0.0150259 0.00939692 0.00508702
Year 1987 Obs  =  0.498792 0.24245 0.211192 0.0194377 0.0163604 0.0117682
Year 1987 Pred =  0.451492 0.23832 0.265661 0.0373712 0.00359819 0.00355841
Year 1988 Obs  =  0.872351 0.0634683 0.0281498 0.0281116 0.00263981 0.00527961
Year 1988 Pred =  0.876655 0.0953623 0.0149057 0.011293 0.00149066 0.000293136
Year 1989 Obs  =  0.00190176 0.863039 0.119851 0.0142636 0.000944549 0
Year 1989 Pred =  0.205387 0.763279 0.0261028 0.00286271 0.00203771 0.000329835
Year 1990 Obs  =  0.0049042 0.351089 0.596556 0.047451 0 0
Year 1990 Pred =  0.118819 0.430239 0.439029 0.00999241 0.00103971 0.000881017
Year 1991 Obs  =  0.20822 0.0898802 0.566416 0.135484 0 0
Year 1991 Pred =  0.091601 0.350269 0.336305 0.216364 0.00456079 0.000900018
Year 1992 Obs  =  0.305953 0.0435895 0.130785 0.519673 0 0
Year 1992 Pred =  0.195999 0.253679 0.274605 0.171247 0.101836 0.00263385
Year 1993 Obs  =  0.559584 0.0470531 0.218863 0.1745 0 0
Year 1993 Pred =  0.333899 0.293818 0.142938 0.117793 0.0686641 0.0428883
Year 1994 Obs  =  0.496639 0.300738 0.0720595 0.0782009 0.0355928 0.0167699
Year 1994 Pred =  0.522588 0.300926 0.0894065 0.0336274 0.0271082 0.0263436
Year 1995 Obs  =  0.114922 0.533324 0.212714 0.0954239 0 0.0436166
Year 1995 Pred =  0.322419 0.499505 0.120428 0.0296487 0.0106376 0.0173628
Year 1996 Obs  =  0.482733 0.173197 0.34407 0 0 0
Year 1996 Pred =  0.263099 0.399853 0.256722 0.0542158 0.0132507 0.0128602
Year 1997 Obs  =  0.265647 0.167671 0.471445 0.0875939 0.00764327 0
Year 1997 Pred =  0.502803 0.261482 0.140857 0.0723659 0.0150494 0.00744256
Year 1998 Obs  =  0.328991 0.598934 0.0456372 0.0179634 0 0.00847493
Year 1998 Pred =  0.283996 0.546862 0.100436 0.0416178 0.0205402 0.00654889
Year 1999 Obs  =  0.630119 0.199403 0.142041 0.0142187 0.0142187 0
Year 1999 Pred =  0.420409 0.321246 0.209732 0.0291803 0.0116548 0.00777767
Year 2000 Obs  =  0.0222849 0.753349 0.13677 0.0772468 0 0.0103488
Year 2000 Pred =  0.246001 0.532563 0.138424 0.0678139 0.00902787 0.00616995
Year 2001 Obs  =  0.317228 0.496389 0.128702 0.0576805 0 0
Year 2001 Pred =  0.290891 0.390021 0.247998 0.0450636 0.0211602 0.00486694
Year 2002 Obs  =  0.0845937 0.583246 0.285288 0.0468723 0 0
Year 2002 Pred =  0.165459 0.473826 0.2257 0.10627 0.0180565 0.0106884
Year 2003 Obs  =  0.687923 0.00486205 0.157919 0.134709 0 0.0145861
Year 2003 Pred =  0.231424 0.272594 0.306271 0.11985 0.0546831 0.0151769
Year 2004 Obs  =  0.26624 0.371086 0 0.0871631 0.181485 0.0940253
Year 2004 Pred =  0.361983 0.300276 0.135396 0.125495 0.048106 0.0287442
Year 2005 Obs  =  0.716918 0.176092 0.0703533 0.0184575 0.0181799 0
Year 2005 Pred =  0.624608 0.222809 0.0780022 0.0301964 0.0272573 0.0171272
Year 2006 Obs  =  0.337416 0.608829 0.0483145 0.00544052 0 0
Year 2006 Pred =  0.328749 0.534125 0.0845983 0.0267716 0.0102682 0.0154878
Year 2007 Obs  =  0.129778 0.648543 0.206362 0 0.0153167 0
Year 2007 Pred =  0.112485 0.457136 0.346808 0.0513633 0.0161964 0.0160111
Year 2008 Obs  =  0.324301 0.119845 0.326725 0.2036 0.0179777 0.00755143
Year 2008 Pred =  0.245585 0.16089 0.311962 0.22626 0.0336412 0.0216618
Year 2009 Obs  =  0.224905 0.371765 0.222819 0.167508 0.0130026 0
Year 2009 Pred =  0.156639 0.340954 0.109171 0.205566 0.150037 0.0376334

Index Selectivity at Age
 0.5 1 1 1 1 1
 0.5 1 1 1 1 1

Deviations section: only applicable if associated lambda > 0
Nyear1 observed, expected, standardized residual
N/A

Fleet Obs, Initial, and Stadardized Residual for Fmult
N/A

Standardized Residuals for Fmult_devs by fleet and year
N/A

Index Obs, Initial, and Standardized Residual for q_year1
N/A

Standardized Residuals for catchability deviations by index and year
N/A

Obs, Initial, and Stadardized Residual for SR steepness
N/A

Obs, Initial, and Stadardized Residual for SR scaler
N/A

End of Deviations Section

Selectivity by age and year for each fleet
 fleet 1 selectivity at age
 0.5 0.75 1 1 1 1
 0.5 0.75 1 1 1 1
 0.5 0.75 1 1 1 1
 0.5 0.75 1 1 1 1
 0.5 0.75 1 1 1 1
 0.01 0.25 0.75 1 1 1
 0.01 0.25 0.75 1 1 1
 0.01 0.25 0.75 1 1 1
 0.01 0.25 0.75 1 1 1
 0.01 0.25 0.75 1 1 1
 0.01 0.25 0.75 1 1 1
 0.01 0.25 0.75 1 1 1
 0.01 0.25 0.75 1 1 1
 0.01 0.25 0.75 1 1 1
 0.01 0.25 0.75 1 1 1
 0.01 0.25 0.75 1 1 1
 0.01 0.25 0.75 1 1 1
 0.01 0.25 0.75 1 1 1
 0.01 0.25 0.75 1 1 1
 0.01 0.25 0.75 1 1 1
 0.01 0.25 0.75 1 1 1
 0.01 0.25 0.75 1 1 1
 0.01 0.25 0.75 1 1 1
 0.01 0.25 0.75 1 1 1
 0.01 0.25 0.75 1 1 1
 0.01 0.25 0.75 1 1 1
 0.01 0.25 0.75 1 1 1
 0.01 0.25 0.75 1 1 1
 0.01 0.25 0.75 1 1 1
 0.01 0.25 0.75 1 1 1
 0.01 0.25 0.75 1 1 1
 0.01 0.25 0.75 1 1 1
 0.01 0.25 0.75 1 1 1
 0.01 0.25 0.75 1 1 1
 0.01 0.25 0.75 1 1 1
 0.01 0.25 0.75 1 1 1
 0.01 0.25 0.75 1 1 1

Fmult by year for each fleet
1973   0.454064
1974   1.13739
1975   0.606027
1976   0.363925
1977   0.414038
1978   1.43361
1979   1.39623
1980   1.06207
1981   0.793752
1982   1.05163
1983   1.37487
1984   1.85204
1985   1.73018
1986   1.69889
1987   1.33025
1988   1.31008
1989   1.15373
1990   1.53968
1991   1.57104
1992   1.39156
1993   0.664303
1994   1.06677
1995   0.428624
1996   0.558011
1997   0.954162
1998   0.900526
1999   1.01783
2000   0.990385
2001   1.38621
2002   0.81552
2003   0.642143
2004   0.735483
2005   0.46042
2006   0.369026
2007   0.249352
2008   0.211038
2009   0.152939

Directed F by age and year for each fleet
 fleet 1 directed F at age
 0.227032 0.340548 0.454064 0.454064 0.454064 0.454064
 0.568693 0.853039 1.13739 1.13739 1.13739 1.13739
 0.303013 0.45452 0.606027 0.606027 0.606027 0.606027
 0.181962 0.272944 0.363925 0.363925 0.363925 0.363925
 0.207019 0.310528 0.414038 0.414038 0.414038 0.414038
 0.0143361 0.358403 1.07521 1.43361 1.43361 1.43361
 0.0139623 0.349057 1.04717 1.39623 1.39623 1.39623
 0.0106207 0.265517 0.79655 1.06207 1.06207 1.06207
 0.00793752 0.198438 0.595314 0.793752 0.793752 0.793752
 0.0105163 0.262907 0.788721 1.05163 1.05163 1.05163
 0.0137487 0.343718 1.03115 1.37487 1.37487 1.37487
 0.0185204 0.463009 1.38903 1.85204 1.85204 1.85204
 0.0173018 0.432544 1.29763 1.73018 1.73018 1.73018
 0.0169889 0.424723 1.27417 1.69889 1.69889 1.69889
 0.0133025 0.332562 0.997687 1.33025 1.33025 1.33025
 0.0131008 0.327521 0.982562 1.31008 1.31008 1.31008
 0.0115373 0.288433 0.865299 1.15373 1.15373 1.15373
 0.0153968 0.38492 1.15476 1.53968 1.53968 1.53968
 0.0157104 0.39276 1.17828 1.57104 1.57104 1.57104
 0.0139156 0.347889 1.04367 1.39156 1.39156 1.39156
 0.00664303 0.166076 0.498227 0.664303 0.664303 0.664303
 0.0106677 0.266691 0.800074 1.06677 1.06677 1.06677
 0.00428624 0.107156 0.321468 0.428624 0.428624 0.428624
 0.00558011 0.139503 0.418508 0.558011 0.558011 0.558011
 0.00954162 0.23854 0.715621 0.954162 0.954162 0.954162
 0.00900526 0.225132 0.675395 0.900526 0.900526 0.900526
 0.0101783 0.254457 0.763372 1.01783 1.01783 1.01783
 0.00990385 0.247596 0.742789 0.990385 0.990385 0.990385
 0.0138621 0.346552 1.03966 1.38621 1.38621 1.38621
 0.0081552 0.20388 0.61164 0.81552 0.81552 0.81552
 0.00642143 0.160536 0.481607 0.642143 0.642143 0.642143
 0.00735483 0.183871 0.551612 0.735483 0.735483 0.735483
 0.0046042 0.115105 0.345315 0.46042 0.46042 0.46042
 0.00369026 0.0922566 0.27677 0.369026 0.369026 0.369026
 0.00249352 0.062338 0.187014 0.249352 0.249352 0.249352
 0.00211038 0.0527594 0.158278 0.211038 0.211038 0.211038
 0.00152939 0.0382347 0.114704 0.152939 0.152939 0.152939
Discard F by age and year for each fleet
 fleet 1 Discard F at age
 0 0 0 0 0 0
 0 0 0 0 0 0
 0 0 0 0 0 0
 0 0 0 0 0 0
 0 0 0 0 0 0
 0 0 0 0 0 0
 0 0 0 0 0 0
 0 0 0 0 0 0
 0 0 0 0 0 0
 0 0 0 0 0 0
 0 0 0 0 0 0
 0 0 0 0 0 0
 0 0 0 0 0 0
 0 0 0 0 0 0
 0 0 0 0 0 0
 0 0 0 0 0 0
 0 0 0 0 0 0
 0 0 0 0 0 0
 0 0 0 0 0 0
 0 0 0 0 0 0
 0 0 0 0 0 0
 0 0 0 0 0 0
 0 0 0 0 0 0
 0 0 0 0 0 0
 0 0 0 0 0 0
 0 0 0 0 0 0
 0 0 0 0 0 0
 0 0 0 0 0 0
 0 0 0 0 0 0
 0 0 0 0 0 0
 0 0 0 0 0 0
 0 0 0 0 0 0
 0 0 0 0 0 0
 0 0 0 0 0 0
 0 0 0 0 0 0
 0 0 0 0 0 0
 0 0 0 0 0 0
Total F
 0.227032 0.340548 0.454064 0.454064 0.454064 0.454064
 0.568693 0.853039 1.13739 1.13739 1.13739 1.13739
 0.303013 0.45452 0.606027 0.606027 0.606027 0.606027
 0.181962 0.272944 0.363925 0.363925 0.363925 0.363925
 0.207019 0.310528 0.414038 0.414038 0.414038 0.414038
 0.0143361 0.358403 1.07521 1.43361 1.43361 1.43361
 0.0139623 0.349057 1.04717 1.39623 1.39623 1.39623
 0.0106207 0.265517 0.79655 1.06207 1.06207 1.06207
 0.00793752 0.198438 0.595314 0.793752 0.793752 0.793752
 0.0105163 0.262907 0.788721 1.05163 1.05163 1.05163
 0.0137487 0.343718 1.03115 1.37487 1.37487 1.37487
 0.0185204 0.463009 1.38903 1.85204 1.85204 1.85204
 0.0173018 0.432544 1.29763 1.73018 1.73018 1.73018
 0.0169889 0.424723 1.27417 1.69889 1.69889 1.69889
 0.0133025 0.332562 0.997687 1.33025 1.33025 1.33025
 0.0131008 0.327521 0.982562 1.31008 1.31008 1.31008
 0.0115373 0.288433 0.865299 1.15373 1.15373 1.15373
 0.0153968 0.38492 1.15476 1.53968 1.53968 1.53968
 0.0157104 0.39276 1.17828 1.57104 1.57104 1.57104
 0.0139156 0.347889 1.04367 1.39156 1.39156 1.39156
 0.00664303 0.166076 0.498227 0.664303 0.664303 0.664303
 0.0106677 0.266691 0.800074 1.06677 1.06677 1.06677
 0.00428624 0.107156 0.321468 0.428624 0.428624 0.428624
 0.00558011 0.139503 0.418508 0.558011 0.558011 0.558011
 0.00954162 0.23854 0.715621 0.954162 0.954162 0.954162
 0.00900526 0.225132 0.675395 0.900526 0.900526 0.900526
 0.0101783 0.254457 0.763372 1.01783 1.01783 1.01783
 0.00990385 0.247596 0.742789 0.990385 0.990385 0.990385
 0.0138621 0.346552 1.03966 1.38621 1.38621 1.38621
 0.0081552 0.20388 0.61164 0.81552 0.81552 0.81552
 0.00642143 0.160536 0.481607 0.642143 0.642143 0.642143
 0.00735483 0.183871 0.551612 0.735483 0.735483 0.735483
 0.0046042 0.115105 0.345315 0.46042 0.46042 0.46042
 0.00369026 0.0922566 0.27677 0.369026 0.369026 0.369026
 0.00249352 0.062338 0.187014 0.249352 0.249352 0.249352
 0.00211038 0.0527594 0.158278 0.211038 0.211038 0.211038
 0.00152939 0.0382347 0.114704 0.152939 0.152939 0.152939

Average F for ages 1 to 6
Freport unweighted in .std and MCMC files
year    unweighted   Nweighted    Bweighted
1973  0.397306  0.372821  0.400451
1974  0.995212  0.940938  1.01114
1975  0.530273  0.393984  0.442692
1976  0.318434  0.258277  0.278674
1977  0.362283  0.257047  0.285117
1978  0.958131  0.290815  0.423907
1979  0.933145  0.347773  0.478049
1980  0.709815  0.239178  0.341164
1981  0.530491  0.104031  0.21219
1982  0.702838  0.27451  0.336673
1983  0.918873  0.707381  0.808365
1984  1.23778  0.97403  1.22195
1985  1.15633  0.471956  0.704325
1986  1.13543  0.590509  0.731252
1987  0.88905  0.421035  0.512415
1988  0.875572  0.0671535  0.0753945
1989  0.771078  0.231193  0.325636
1990  1.02902  0.772812  0.878586
1991  1.04998  1.02615  1.18282
1992  0.930025  0.85076  1.11832
1993  0.443976  0.24872  0.454571
1994  0.712955  0.237143  0.59752
1995  0.286464  0.097412  0.213281
1996  0.372937  0.186891  0.311783
1997  0.637698  0.238146  0.477785
1998  0.601852  0.244059  0.384552
1999  0.680249  0.278051  0.524689
2000  0.661907  0.321366  0.4873
2001  0.926449  0.540096  0.805582
2002  0.545039  0.350214  0.497157
2003  0.429166  0.293721  0.462611
2004  0.491548  0.257755  0.482558
2005  0.307714  0.0645581  0.196733
2006  0.246633  0.0749787  0.149174
2007  0.16665  0.105635  0.148233
2008  0.141044  0.09708  0.146084
2009  0.102214  0.0749791  0.115012

Population Numbers at the Start of the Year
 35244 18128 29322 16834 11027 13264
 18423.3 18732.6 9215.71 13849.9 8120.06 12106.2
 42792.3 6958.21 5704.33 2197.95 3373.29 5096.6
 17912.9 21080.4 3156.3 2314.51 910.736 3631.14
 63405.2 9959.83 11466.2 1631.46 1221.74 2492.72
 57882.7 34381.8 5217.57 5637.06 819.09 1932.8
 45108.8 38056.9 17169.3 1324.22 1020.97 516.97
 68301.4 29669.4 19183 4481.48 248.975 297.202
 183089 45074.2 16258.2 6433.23 1176.9 148.191
 73624.7 121151 26413.4 6667.76 2209.41 465.123
 16586.3 48592.3 66561.7 8927.62 1769.43 726.527
 23109.5 10911.6 24624.6 17654.2 1714.77 492.191
 26807.5 15130.7 4907.75 4566.37 2104.21 269.601
 7030.07 17573.3 7015.91 997.188 614.8 326.664
 14477.6 4609.91 8212.51 1459.38 138.524 134.458
 145739 9528.64 2362.32 2252.34 293.101 56.5712
 44177.4 95939.2 4907.58 657.759 461.575 73.331
 12841.7 29127.3 51381.6 1536.46 157.607 131.08
 3501.36 8434.23 14164.7 12043.5 250.274 48.475
 2912.17 2298.92 4069.58 3242.93 1901.2 48.2622
 4068.13 1915.51 1160.15 1065.95 612.577 375.543
 8136.41 2695.38 1159.4 524.308 416.682 397.438
 6757.55 5369.21 1475.28 387.45 137.046 219.549
 5625.23 4487.85 3447.07 795.632 191.706 182.615
 12726.2 3731.02 2789.52 1687.11 345.892 167.893
 7820.02 8407.48 2100.43 1014.35 493.543 154.447
 11862.6 5169.02 4797 795.127 313.086 205.068
 6375.57 7831.95 2864.02 1662.99 218.257 146.404
 5153.6 4210.45 4369.36 1013.53 469.181 105.917
 2152.9 3390.01 2127.65 1149.08 192.478 111.828
 2268.78 1424.27 1975.76 858.453 386.138 105.187
 3344.19 1503.54 866.864 907.87 343.089 201.209
 12033.6 2214.15 894 371.396 330.504 203.831
 9691.34 7989.25 1410.25 470.78 178.012 263.532
 3191.21 6440.09 5206.15 795.325 247.241 239.891
 6571.48 2123.16 4324.1 3211.78 470.784 297.533
 4117.28 4373.78 1439.28 2745.4 1975.43 486.327

Biomass Time Series
Year, TotJan1B, SSB, ExploitableB
1973  36221.8  20968.8  34114.3
1974  24826.1  11311.1  24022.9
1975  16248.5  5459.45  13185.7
1976  13619.7  5896.95  11750
1977  20867  6220.51  16098.7
1978  26559.6  6783.62  8975.69
1979  24155.6  8089.21  9209.87
1980  28205.2  8812.92  10435.1
1981  37658.3  10445.2  11226
1982  51128.1  18985.5  20297.9
1983  39545.5  19597.5  26328.1
1984  20159.3  7549.6  14144.6
1985  11360.6  3416.66  5463.57
1986  8072.24  3173.62  4034.78
1987  7604.79  2405.86  3265.35
1988  48477.7  2373.01  3129.01
1989  26573.8  9015.98  6950.93
1990  19731.1  10011.1  13833.4
1991  9963.91  4886.52  8335
1992  3869.58  2234.09  4015.46
1993  2271.39  1349.01  1771.35
1994  1869.86  825.343  1102.03
1995  1729.11  1026.09  1055.81
1996  2591.54  1719.9  1947.52
1997  3853.02  1647.12  2197.44
1998  4033.48  1808.43  2086.95
1999  4651.54  2240.74  2841.35
2000  4544.68  2238.06  2782.64
2001  4071.55  1945.74  2742.35
2002  2616.97  1515.77  1872.75
2003  1953.04  1285.42  1594.83
2004  1665.87  933.915  1249.25
2005  2068.6  901.47  1015.19
2006  2949.09  1484.15  1444.52
2007  3578.82  2592.88  2583.13
2008  4370.64  3124.35  3480.73
2009  4229.56  3231.85  3639.37

q by index
 index 1 q over time
1973  0.235709
1974  0.235709
1975  0.235709
1976  0.235709
1977  0.235709
1978  0.235709
1979  0.235709
1980  0.235709
1981  0.235709
1982  0.235709
1983  0.235709
1984  0.235709
1985  0.235709
1986  0.235709
1987  0.235709
1988  0.235709
1989  0.235709
1990  0.235709
1991  0.235709
1992  0.235709
1993  0.235709
1994  0.235709
1995  0.235709
1996  0.235709
1997  0.235709
1998  0.235709
1999  0.235709
2000  0.235709
2001  0.235709
2002  0.235709
2003  0.235709
2004  0.235709
2005  0.235709
2006  0.235709
2007  0.235709
2008  0.235709
2009  0.235709
 index 2 q over time
1973  0.210504
1974  0.210504
1975  0.210504
1976  0.210504
1977  0.210504
1978  0.210504
1979  0.210504
1980  0.210504
1981  0.210504
1982  0.210504
1983  0.210504
1984  0.210504
1985  0.210504
1986  0.210504
1987  0.210504
1988  0.210504
1989  0.210504
1990  0.210504
1991  0.210504
1992  0.210504
1993  0.210504
1994  0.210504
1995  0.210504
1996  0.210504
1997  0.210504
1998  0.210504
1999  0.210504
2000  0.210504
2001  0.210504
2002  0.210504
2003  0.210504
2004  0.210504
2005  0.210504
2006  0.210504
2007  0.210504
2008  0.210504
2009  0.210504

Proportions of catch at age by fleet
 fleet 1
Year 1 Obs  =  0.00545691 0.144785 0.320763 0.216458 0.14188 0.170658
Year 1 Pred =  0.178888 0.135306 0.282499 0.163687 0.108123 0.131498
Year 2 Obs  =  0.0169397 0.555763 0.117739 0.158347 0.0792596 0.0719506
Year 2 Pred =  0.15744 0.219756 0.130926 0.19836 0.117155 0.176363
Year 3 Obs  =  0.444401 0.220404 0.104175 0.0624274 0.0883052 0.0802875
Year 3 Pred =  0.513289 0.12075 0.125804 0.04891 0.0756777 0.11557
Year 4 Obs  =  0.0209783 0.66913 0.128152 0.0355435 0.0488043 0.0973913
Year 4 Pred =  0.260044 0.454517 0.0886913 0.0656495 0.0260532 0.105045
Year 5 Obs  =  0.309764 0.296172 0.304651 0.0316124 0.0173338 0.0404664
Year 5 Pred =  0.573728 0.13311 0.198643 0.0285276 0.021544 0.0444469
Year 6 Obs  =  0.312325 0.525768 0.0862784 0.0586358 0.00985241 0.00714001
Year 6 Pred =  0.036829 0.482717 0.165883 0.210452 0.0307923 0.0733263
Year 7 Obs  =  0.00653549 0.632045 0.304111 0.0373155 0.01539 0.00460295
Year 7 Pred =  0.0234141 0.437619 0.450131 0.0408783 0.0317379 0.016219
Year 8 Obs  =  0.0423678 0.445853 0.303951 0.176525 0.0236043 0.00769905
Year 8 Pred =  0.0316423 0.315592 0.495555 0.139936 0.00783254 0.00944194
Year 9 Obs  =  0.00184512 0.359635 0.409508 0.158789 0.060292 0.00993108
Year 9 Pred =  0.06501 0.378335 0.349763 0.17129 0.0315832 0.00401813
Year 10 Obs  =  0.00311582 0.669013 0.28135 0.0366404 0.00818395 0.00169595
Year 10 Pred =  0.0148142 0.560338 0.297297 0.0907951 0.0303112 0.00644417
Year 11 Obs  =  0.0355781 0.277899 0.624782 0.0532119 0.00569072 0.00283797
Year 11 Pred =  0.00321161 0.208917 0.655015 0.103608 0.0206793 0.00856965
Year 12 Obs  =  0.0132301 0.165658 0.560028 0.2286 0.024715 0.00776918
Year 12 Pred =  0.00979843 0.097703 0.464342 0.38023 0.0371682 0.0107583
Year 13 Obs  =  0.132837 0.507877 0.142054 0.128653 0.0724979 0.0160816
Year 13 Pred =  0.0283921 0.342742 0.238964 0.25588 0.118684 0.0153376
Year 14 Obs  =  0.0290806 0.662706 0.229467 0.0438627 0.0245907 0.0102922
Year 14 Pred =  0.00864062 0.463477 0.399871 0.0655391 0.0406736 0.0217991
Year 15 Obs  =  0.175854 0.39439 0.288537 0.112927 0.0203659 0.00792683
Year 15 Pred =  0.0224153 0.159233 0.65465 0.137651 0.0131586 0.0128918
Year 16 Obs  =  0.621881 0.236617 0.0627855 0.0592714 0.0156964 0.00374839
Year 16 Pred =  0.22736 0.332352 0.190864 0.215654 0.0282635 0.00550636
Year 17 Obs  =  0.000990723 0.834009 0.142484 0.0202198 0.00216158 0.000135099
Year 17 Pred =  0.0171933 0.848883 0.103601 0.016658 0.0117755 0.00188892
Year 18 Obs  =  0.00388127 0.0424697 0.903484 0.048056 0.00199672 0.000112176
Year 18 Pred =  0.00396017 0.195995 0.768187 0.0267726 0.00276498 0.00232024
Year 19 Obs  =  0.0244617 0.0899774 0.298054 0.57427 0.0101263 0.00311108
Year 19 Pred =  0.00224808 0.117771 0.437029 0.432143 0.00904111 0.00176676
Year 20 Obs  =  0.063631 0.198457 0.295016 0.396618 0.0436072 0.00266983
Year 20 Pred =  0.00511029 0.0894158 0.361188 0.339014 0.200144 0.00512765
Year 21 Obs  =  0.00684541 0.248716 0.253851 0.40559 0.0827153 0.0022818
Year 21 Pred =  0.0141903 0.160204 0.2555 0.294134 0.170397 0.105575
Year 22 Obs  =  0.08353 0.279849 0.254365 0.192072 0.14488 0.0453044
Year 22 Pred =  0.0361178 0.27458 0.286577 0.156587 0.125375 0.120763
Year 23 Obs  =  0.00102564 0.347692 0.281026 0.28 0.0584615 0.0317949
Year 23 Pred =  0.022151 0.433133 0.32975 0.111122 0.0396372 0.0642058
Year 24 Obs  =  0.00207792 0.255065 0.587532 0.123636 0.0161039 0.0155844
Year 24 Pred =  0.0128733 0.249153 0.515484 0.15065 0.0365981 0.0352412
Year 25 Obs  =  0.00606277 0.0649073 0.542439 0.328103 0.0410128 0.017475
Year 25 Pred =  0.0306433 0.208696 0.387108 0.285618 0.0590052 0.0289291
Year 26 Obs  =  0.00171233 0.421918 0.399315 0.144863 0.0267123 0.00547945
Year 26 Pred =  0.0174862 0.439269 0.275211 0.162907 0.0798764 0.0252504
Year 27 Obs  =  0.0212177 0.133149 0.655597 0.148216 0.0289053 0.0129151
Year 27 Pred =  0.0240772 0.242041 0.550273 0.110663 0.0439033 0.0290422
Year 28 Obs  =  0.00556242 0.36063 0.440667 0.172435 0.0176143 0.00309023
Year 28 Pred =  0.0129673 0.368591 0.331998 0.234438 0.031002 0.0210038
Year 29 Obs  =  0 0.155885 0.614074 0.17261 0.0438624 0.0135689
Year 29 Pred =  0.0124188 0.225011 0.533349 0.14578 0.067958 0.0154833
Year 30 Obs  =  0.00341797 0.187988 0.563477 0.228027 0.0166016 0.000488281
Year 30 Pred =  0.00676129 0.251076 0.40208 0.268221 0.0452816 0.0265804
Year 31 Obs  =  0.00210084 0.163866 0.511905 0.289216 0.0238095 0.00910364
Year 31 Pred =  0.00839306 0.126641 0.464768 0.253563 0.11498 0.0316563
Year 32 Obs  =  0.204641 0.122363 0.244023 0.214487 0.14346 0.0710267
Year 32 Pred =  0.016342 0.174795 0.261434 0.340726 0.129788 0.0769159
Year 33 Obs  =  0.0431849 0.249663 0.25641 0.226721 0.157895 0.0661269
Year 33 Pred =  0.0585886 0.264362 0.293688 0.156033 0.140019 0.0873089
Year 34 Obs  =  0.0509491 0.353646 0.303696 0.158841 0.0609391 0.0719281
Year 34 Pred =  0.0249614 0.509774 0.252647 0.108909 0.0415322 0.0621768
Year 35 Obs  =  0.00721154 0.223558 0.563301 0.141026 0.0360577 0.0288462
Year 35 Pred =  0.00480525 0.243472 0.567745 0.113473 0.0355831 0.0349222
Year 36 Obs  =  0.0234926 0.0524667 0.358653 0.518403 0.0399374 0.00704777
Year 36 Pred =  0.00862278 0.070247 0.416324 0.406315 0.060081 0.0384104
Year 37 Obs  =  0.0152174 0.182609 0.167391 0.345652 0.273913 0.0152174
Year 37 Pred =  0.00555527 0.149779 0.145364 0.366753 0.266238 0.066311

Proportions of Discards at age by fleet
 fleet 1
Year 1 Obs  =  0 0 0 0 0 0
Year 1 Pred =  1e-015 1e-015 1e-015 1e-015 1e-015 1e-015
Year 2 Obs  =  0 0 0 0 0 0
Year 2 Pred =  1e-015 1e-015 1e-015 1e-015 1e-015 1e-015
Year 3 Obs  =  0 0 0 0 0 0
Year 3 Pred =  1e-015 1e-015 1e-015 1e-015 1e-015 1e-015
Year 4 Obs  =  0 0 0 0 0 0
Year 4 Pred =  1e-015 1e-015 1e-015 1e-015 1e-015 1e-015
Year 5 Obs  =  0 0 0 0 0 0
Year 5 Pred =  1e-015 1e-015 1e-015 1e-015 1e-015 1e-015
Year 6 Obs  =  0 0 0 0 0 0
Year 6 Pred =  1e-015 1e-015 1e-015 1e-015 1e-015 1e-015
Year 7 Obs  =  0 0 0 0 0 0
Year 7 Pred =  1e-015 1e-015 1e-015 1e-015 1e-015 1e-015
Year 8 Obs  =  0 0 0 0 0 0
Year 8 Pred =  1e-015 1e-015 1e-015 1e-015 1e-015 1e-015
Year 9 Obs  =  0 0 0 0 0 0
Year 9 Pred =  1e-015 1e-015 1e-015 1e-015 1e-015 1e-015
Year 10 Obs  =  0 0 0 0 0 0
Year 10 Pred =  1e-015 1e-015 1e-015 1e-015 1e-015 1e-015
Year 11 Obs  =  0 0 0 0 0 0
Year 11 Pred =  1e-015 1e-015 1e-015 1e-015 1e-015 1e-015
Year 12 Obs  =  0 0 0 0 0 0
Year 12 Pred =  1e-015 1e-015 1e-015 1e-015 1e-015 1e-015
Year 13 Obs  =  0 0 0 0 0 0
Year 13 Pred =  1e-015 1e-015 1e-015 1e-015 1e-015 1e-015
Year 14 Obs  =  0 0 0 0 0 0
Year 14 Pred =  1e-015 1e-015 1e-015 1e-015 1e-015 1e-015
Year 15 Obs  =  0 0 0 0 0 0
Year 15 Pred =  1e-015 1e-015 1e-015 1e-015 1e-015 1e-015
Year 16 Obs  =  0 0 0 0 0 0
Year 16 Pred =  1e-015 1e-015 1e-015 1e-015 1e-015 1e-015
Year 17 Obs  =  0 0 0 0 0 0
Year 17 Pred =  1e-015 1e-015 1e-015 1e-015 1e-015 1e-015
Year 18 Obs  =  0 0 0 0 0 0
Year 18 Pred =  1e-015 1e-015 1e-015 1e-015 1e-015 1e-015
Year 19 Obs  =  0 0 0 0 0 0
Year 19 Pred =  1e-015 1e-015 1e-015 1e-015 1e-015 1e-015
Year 20 Obs  =  0 0 0 0 0 0
Year 20 Pred =  1e-015 1e-015 1e-015 1e-015 1e-015 1e-015
Year 21 Obs  =  0 0 0 0 0 0
Year 21 Pred =  1e-015 1e-015 1e-015 1e-015 1e-015 1e-015
Year 22 Obs  =  0 0 0 0 0 0
Year 22 Pred =  1e-015 1e-015 1e-015 1e-015 1e-015 1e-015
Year 23 Obs  =  0 0 0 0 0 0
Year 23 Pred =  1e-015 1e-015 1e-015 1e-015 1e-015 1e-015
Year 24 Obs  =  0 0 0 0 0 0
Year 24 Pred =  1e-015 1e-015 1e-015 1e-015 1e-015 1e-015
Year 25 Obs  =  0 0 0 0 0 0
Year 25 Pred =  1e-015 1e-015 1e-015 1e-015 1e-015 1e-015
Year 26 Obs  =  0 0 0 0 0 0
Year 26 Pred =  1e-015 1e-015 1e-015 1e-015 1e-015 1e-015
Year 27 Obs  =  0 0 0 0 0 0
Year 27 Pred =  1e-015 1e-015 1e-015 1e-015 1e-015 1e-015
Year 28 Obs  =  0 0 0 0 0 0
Year 28 Pred =  1e-015 1e-015 1e-015 1e-015 1e-015 1e-015
Year 29 Obs  =  0 0 0 0 0 0
Year 29 Pred =  1e-015 1e-015 1e-015 1e-015 1e-015 1e-015
Year 30 Obs  =  0 0 0 0 0 0
