Age Structured Assessment Program (ASAP) Version 3.0
Start time for run: Fri Nov 17 11:08:39 2017

obj_fun        = 2792.13

Component                Lambda          obj_fun
__Catch_Fleet_1               1          -50.2244
Catch_Fleet_Total             1          -50.2244
Discard_Fleet_Total           0          0
__Index_Fit_1                 1          -20.4613
__Index_Fit_2                 1          6.94066
Index_Fit_Total               2          -13.5206
Catch_Age_Comps       see_below          1541.82
Discard_Age_Comps     see_below          0
Index_Age_Comps       see_below          1314.06
__Sel_Param_1                 0          0
__Sel_Param_2                 0          -0
__Sel_Param_3                 0          -0
__Sel_Param_7                 0          0
__Sel_Param_8                 0          -0
__Sel_Param_9                 0          -0
__Sel_Param_13                0          0
__Sel_Param_14                0          0
__Sel_Param_15                0          -0
__Sel_Param_19                0          0
__Sel_Param_20                0          -0
__Sel_Param_21                0          0
__Sel_Param_25                0          0
__Sel_Param_26                0          0
__Sel_Param_27                0          -0
__Sel_Param_31                0          0
__Sel_Param_32                0          -0
__Sel_Param_33                0          -0
Sel_Params_Total              0          0
__Index_Sel_Param_1           0          0
__Index_Sel_Param_2           0          0
__Index_Sel_Param_3           0          -0
__Index_Sel_Param_7           0          0
__Index_Sel_Param_8           0          -0
__Index_Sel_Param_9           0          -0
Index_Sel_Params_Total        0          0
q_year1_Total                 0          0
q_devs_Total                  0          0
__Fmult_year1_fleet_1         0          -0
Fmult_year1_fleet_Total       0          0
Fmult_devs_fleet_Total        0          0
N_year_1                      0          0
Recruit_devs                  0          0
SR_steepness                  0          0
SR_scaler                     0          0
Fmult_Max_penalty          1000          0
F_penalty                     0          0

 Input and Estimated effective sample sizes for fleet 1
1973  18  44.4106
1974  18  13.5476
1975  18  29.5878
1976  18  16.6347
1977  18  163.326
1978  18  6.60589
1979  18  27.9257
1980  18  47.4653
1981  18  11.6687
1982  18  117.572
1983  18  107.71
1984  18  49.6189
1985  18  244.036
1986  18  45.6483
1987  18  53.9461
1988  18  127.509
1989  18  25.8828
1990  18  5.23849
1991  18  237.221
1992  18  25.6647
1993  18  60.68
1994  18  47.847
1995  18  11.8172
1996  37  94.3259
1997  37  40.9903
1998  37  107.508
1999  37  131.768
2000  37  61.6636
2001  37  427.793
2002  37  27.4969
2003  37  71.9319
2004  37  11.5369
2005  37  59.653
2006  37  38.4996
2007  37  992.677
2008  37  57.5872
2009  37  90.6053
2010  37  106.988
2011  37  53.9608
2012  37  66.1269
2013  37  44.9703
2014  37  22.9786
2015  37  17.2959
 Total  1154  4047.92

 Input and Estimated effective Discard sample sizes for fleet 1
1973  0  0
1974  0  0
1975  0  0
1976  0  0
1977  0  0
1978  0  0
1979  0  0
1980  0  0
1981  0  0
1982  0  0
1983  0  0
1984  0  0
1985  0  0
1986  0  0
1987  0  0
1988  0  0
1989  0  0
1990  0  0
1991  0  0
1992  0  0
1993  0  0
1994  0  0
1995  0  0
1996  0  0
1997  0  0
1998  0  0
1999  0  0
2000  0  0
2001  0  0
2002  0  0
2003  0  0
2004  0  0
2005  0  0
2006  0  0
2007  0  0
2008  0  0
2009  0  0
2010  0  0
2011  0  0
2012  0  0
2013  0  0
2014  0  0
2015  0  0
 Total  0  0

Observed and predicted total fleet catch by year and standardized residual
 fleet 1 total catches
1973  14549  14719.1  -0.0586918
1974  17088  16297.6  0.239139
1975  5732  4977.63  0.712523
1976  3436  3306.43  0.194097
1977  5223  4990.24  0.230189
1978  8085  7504.93  0.375933
1979  9883  8330.3  0.863034
1980  8021  7006.81  0.682583
1981  6607  6313.78  0.229219
1982  15764  15381.3  0.124112
1983  22211  20567.4  0.38819
1984  11225  9888.55  0.640095
1985  4817  4323.34  0.545956
1986  4620  4272.88  0.394398
1987  2652  2343.22  0.625065
1988  2782  2544.46  0.450661
1989  8349  6226.88  1.48083
1990  17916  11454.3  2.25874
1991  6430  5987.45  0.360066
1992  2695  2159.35  1.11891
1993  771  655.232  0.82154
1994  735  542.927  1.52945
1995  343  328.562  0.217144
1996  759  812.877  -0.346277
1997  1222  1253.33  -0.127828
1998  1087  1183.47  -0.429347
1999  1403  1787.81  -1.22387
2000  1397  1584.93  -0.637293
2001  1449  1897.75  -1.36231
2002  945  923.106  0.118363
2003  666  628.645  0.291469
2004  619  538.634  0.702215
2005  346  331.294  0.219302
2006  396  454.38  -0.694396
2007  502  586.855  -0.788612
2008  583  650.406  -0.552455
2009  453  486.857  -0.363958
2010  291  324.549  -0.550954
2011  390  524.138  -1.49265
2012  563  872.047  -2.20945
2013  646  1035.31  -2.38161
2014  625  906.408  -1.87707
2015  337  388.376  -0.716467
Observed and predicted total fleet Discards by year and standardized residual
 fleet 1 total Discards
1973  0  0  0
1974  0  0  0
1975  0  0  0
1976  0  0  0
1977  0  0  0
1978  0  0  0
1979  0  0  0
1980  0  0  0
1981  0  0  0
1982  0  0  0
1983  0  0  0
1984  0  0  0
1985  0  0  0
1986  0  0  0
1987  0  0  0
1988  0  0  0
1989  0  0  0
1990  0  0  0
1991  0  0  0
1992  0  0  0
1993  0  0  0
1994  0  0  0
1995  0  0  0
1996  0  0  0
1997  0  0  0
1998  0  0  0
1999  0  0  0
2000  0  0  0
2001  0  0  0
2002  0  0  0
2003  0  0  0
2004  0  0  0
2005  0  0  0
2006  0  0  0
2007  0  0  0
2008  0  0  0
2009  0  0  0
2010  0  0  0
2011  0  0  0
2012  0  0  0
2013  0  0  0
2014  0  0  0
2015  0  0  0

Index data
index number 1
aggregate units = 2
proportions units = 2
month = 4
starting and ending ages for selectivity = 1  6
selectivity choice = -1
 year, obs index, pred index, standardized residual
1973  45993.3  45225.9  0.0773961
1974  18318.7  22248  -0.622388
1975  4839.41  6633.08  -1.10948
1976  5942.61  7609.84  -0.816377
1977  6925.37  8255.2  -0.466812
1978  18730.7  13131.6  1.29267
1979  5889.55  15039.4  -3.00255
1980  14774.4  15823  -0.302014
1981  27000.5  22192  0.690168
1982  43523.9  42115.6  0.115744
1983  30456.2  35724  -0.647917
1984  8397.88  14700.4  -2.03795
1985  6074.29  6248.55  -0.0810213
1986  7020.75  5970.06  0.714018
1987  1593.48  3391.69  -2.28396
1988  2035.3  5193.13  -2.68325
1989  17077.9  26013.7  -1.5318
1990  25849.5  24664.5  0.154915
1991  11510  10790.7  0.27269
1992  3741.82  3484.38  0.242817
1993  1493.45  1689.29  -0.383258
1994  529.85  1464.9  -2.70263
1995  2393.74  2278.64  0.167863
1996  3908.97  3104.09  0.678219
1997  4137.04  3073.6  0.691933
1998  6162.7  3683.9  1.6004
1999  5117.79  3650.51  1.48807
2000  4801.36  3739.45  0.909826
2001  2626.64  2955.46  -0.356619
2002  2910.49  2148.8  0.679149
2003  750.44  1642.89  -1.78848
2004  1002.58  1262.07  -0.525376
2005  1143.77  1232.28  -0.219256
2006  3334.65  2312.96  0.803431
2007  2429.57  3098.29  -0.828236
2008  2112.49  3161.44  -0.653946
2009  3367.55  3172.1  0.191501
2010  4738.41  3346.94  2.6855
2011  3828.25  3624.87  0.323417
2012  4154.04  3988.87  0.215449
2013  3713.59  3088.83  1.03159
2014  2678.69  1871.93  1.35095
2015  739.329  773.232  -0.169025
index number 2
aggregate units = 2
proportions units = 2
month = 10
starting and ending ages for selectivity = 1  6
selectivity choice = -1
 year, obs index, pred index, standardized residual
1973  17343  19276.4  -0.212428
1974  7069.14  6143.73  0.286801
1975  3338  4618.87  -0.5857
1976  10016.5  5515.52  1.38948
1977  5279.03  7981.05  -1.00347
1978  8912.42  10513  -0.473134
1979  7917.85  10503.1  -0.962488
1980  6111.82  12529.4  -1.60683
1981  24538.3  24610.6  -0.00865882
1982  35005.5  28711.8  0.412209
1983  27070.6  14676.8  1.51883
1984  6421.5  5277.98  0.521178
1985  1397.52  4407.22  -2.67463
1986  3102.43  2942.12  0.12881
1987  2330.01  2084.66  0.227435
1988  5754.22  13300.3  -2.46473
1989  11846.9  19951.4  -1.29318
1990  5562.57  10204.2  -1.41292
1991  2649.75  3242.06  -0.523665
1992  629.04  1226.12  -1.2394
1993  579.77  972.03  -1.15669
1994  1704.84  1262.09  0.625396
1995  1389.37  1910.51  -0.457391
1996  1066.77  2020.45  -1.18605
1997  3556.07  2255.34  1.12974
1998  3107.97  2579.62  0.387517
1999  2256.89  2442.46  -0.123677
2000  2545.21  2313.53  0.165075
2001  1413.65  1511.42  -0.126079
2002  3443.4  1135.99  2.12331
2003  1953.92  839.238  1.42357
2004  303.12  720.149  -2.0151
2005  3025.86  1246.26  2.54103
2006  4060.28  1884.23  1.90475
2007  1983.45  1905.31  0.0821555
2008  3774.11  1793.11  1.6043
2009  1949.61  1911.09  0.0620734
2010  14077.9  2024.22  3.8979
2011  2300.53  2310.52  -0.00662637
2012  5822.16  2136.34  2.33472
2013  1669.98  1353.31  0.716231
2014  422.761  646.308  -0.867652
2015  111.667  247.931  -2.11978

Input effective sample sizes by index (row=index, column=year)
 12 12 12 12 12 12 12 12 12 12 12 12 12 12 12 12 12 12 12 12 12 12 12 12 12 12 12 12 12 12 12 12 12 12 12 12 12 12 12 12 12 12 12
 12 12 12 12 12 12 12 12 12 12 12 12 12 12 12 12 12 12 12 12 12 12 12 12 12 12 12 12 12 12 12 12 12 12 12 12 12 12 12 12 12 12 12
Estimated effective sample sizes by index (row=index, column=year)
 117.336 133.525 51.7686 170.07 27.2305 21.9383 19.3669 94.0862 14.1502 290.76 62.1129 9.92213 34.2422 90.3062 7.51114 9.35859 98.2527 5.55767 38.7149 6.07724 18.0503 4.21501 6.25379 10.1861 22.8937 7.40999 19.434 8.62022 5.15474 3.65848 138.083 6.89246 13.451 13.0795 76.0068 17.1151 246.023 39.0813 73.1321 21.4389 30.5569 36.9309 23.4943
 187.983 70.5606 126.787 404.658 18.2627 18.1147 25.6674 8.98099 16.9834 21.7343 27.9408 45.9356 46.5903 520.72 95.1925 131.831 8.94883 57.2958 8.05888 3.56983 4.9655 120.232 15.0747 4.64779 4.77221 34.4809 5.81026 10.8743 18.6734 46.6365 1.98173 12.5336 12.8929 55.6504 9.67618 33.3637 47.7545 16.6604 19.6864 68.3955 78.6003 47.7721 4.83033

Index proportions at age by index
 Index number 1
Year 1973 Obs  =  0.0198451 0.120089 0.328147 0.184446 0.143075 0.204398
Year 1973 Pred =  0.00956088 0.11456 0.33197 0.246941 0.14275 0.154219
Year 1974 Obs  =  0.0323298 0.136895 0.16135 0.31115 0.189779 0.168497
Year 1974 Pred =  0.00771437 0.179577 0.12626 0.331357 0.158559 0.196532
Year 1975 Obs  =  0.0856282 0.312654 0.0932841 0.120837 0.216884 0.170713
Year 1975 Pred =  0.0700115 0.237613 0.179911 0.112529 0.189974 0.209961
Year 1976 Obs  =  0.00317032 0.723716 0.0976154 0.0468649 0.0445141 0.0841196
Year 1976 Pred =  0.0309959 0.686438 0.0957553 0.0649468 0.0261314 0.0957323
Year 1977 Obs  =  0.219988 0.235979 0.416121 0.038011 0.0237893 0.066112
Year 1977 Pred =  0.0958359 0.322962 0.450834 0.0570714 0.0249009 0.0483958
Year 1978 Obs  =  0.163612 0.634234 0.112641 0.0480981 0.0156262 0.0257877
Year 1978 Pred =  0.05154 0.690934 0.104919 0.128294 0.0104474 0.0138656
Year 1979 Obs  =  0.166619 0.492719 0.26245 0.0472567 0.0205789 0.010376
Year 1979 Pred =  0.0387784 0.546393 0.361139 0.0288879 0.0207449 0.00405584
Year 1980 Obs  =  0.0450794 0.441312 0.299064 0.188574 0.0185713 0.00739997
Year 1980 Pred =  0.0525155 0.464336 0.345967 0.125988 0.00595778 0.00523676
Year 1981 Obs  =  0.0314469 0.676331 0.175683 0.0906099 0.0217581 0.00417067
Year 1981 Pred =  0.0967669 0.490878 0.26173 0.121494 0.0266892 0.00244185
Year 1982 Obs  =  0.00781571 0.688143 0.223391 0.0560099 0.0183577 0.00628276
Year 1982 Pred =  0.0218889 0.657423 0.213863 0.0788222 0.0224907 0.00551291
Year 1983 Obs  =  0.00217755 0.355656 0.589323 0.0400614 0.0115651 0.00121683
Year 1983 Pred =  0.00605464 0.314679 0.535782 0.109976 0.0245667 0.00894157
Year 1984 Obs  =  0.00932379 0.110034 0.218891 0.530741 0.0806514 0.0503592
Year 1984 Pred =  0.0185211 0.167006 0.399845 0.35789 0.0432271 0.0135108
Year 1985 Obs  =  0.0734474 0.443816 0.111607 0.132179 0.196384 0.042568
Year 1985 Pred =  0.0573181 0.488967 0.17234 0.176856 0.0899058 0.0146133
Year 1986 Obs  =  0.00387138 0.688603 0.217933 0.056306 0.0295353 0.00375174
Year 1986 Pred =  0.0140003 0.635531 0.268088 0.0425381 0.0248271 0.0150154
Year 1987 Obs  =  0 0.0906324 0.73468 0.174688 0 0
Year 1987 Pred =  0.049759 0.244601 0.485808 0.183141 0.0186933 0.0179979
Year 1988 Obs  =  0.197465 0.292743 0.102191 0.142559 0.241389 0.0236525
Year 1988 Pred =  0.348655 0.385687 0.0807118 0.143086 0.0346991 0.00716116
Year 1989 Obs  =  0.0134577 0.932524 0.0446138 0.00940397 0 0
Year 1989 Pred =  0.0194257 0.893948 0.0632785 0.00940659 0.0107274 0.00321358
Year 1990 Obs  =  0.00491306 0.0266775 0.843523 0.121401 0.00348479 0
Year 1990 Pred =  0.00496467 0.251468 0.716278 0.0244714 0.00111889 0.0016999
Year 1991 Obs  =  0.0301034 0.0733666 0.309697 0.512925 0.0664961 0.00741182
Year 1991 Pred =  0.00338212 0.139688 0.380555 0.472976 0.0030371 0.000361131
Year 1992 Obs  =  0.00879786 0.0226467 0.255114 0.713442 0 0
Year 1992 Pred =  0.00922366 0.132708 0.316984 0.423902 0.116328 0.00085479
Year 1993 Obs  =  0.0181995 0.283464 0.125388 0.493836 0.0791121 0
Year 1993 Pred =  0.0262351 0.253674 0.234237 0.33205 0.119954 0.0338504
Year 1994 Obs  =  0 0.721072 0.0439936 0 0.183448 0.0514863
Year 1994 Pred =  0.0668135 0.409947 0.244443 0.152726 0.085487 0.040584
Year 1995 Obs  =  0.0110037 0.815832 0.0476576 0.0643512 0.0130507 0.0481046
Year 1995 Pred =  0.0354642 0.605717 0.256816 0.0692709 0.0177156 0.0150169
Year 1996 Obs  =  0 0.16995 0.557214 0.242165 0.0306704 0
Year 1996 Pred =  0.0215342 0.366527 0.462735 0.123402 0.0173581 0.0084443
Year 1997 Obs  =  0.0212567 0.357553 0.462065 0.132015 0.0271112 0
Year 1997 Pred =  0.0500236 0.301331 0.352091 0.254935 0.0342623 0.00735732
Year 1998 Obs  =  0.0184075 0.817895 0.104595 0.0436838 0.00984633 0.00557223
Year 1998 Pred =  0.0242682 0.57673 0.226622 0.125543 0.040128 0.00670894
Year 1999 Obs  =  0.0115812 0.21242 0.630265 0.113956 0.0242937 0.00748371
Year 1999 Pred =  0.0365313 0.336182 0.50585 0.09103 0.0220053 0.0084021
Year 2000 Obs  =  0.00668352 0.403184 0.516162 0.0684848 0.00548595 0
Year 2000 Pred =  0.0178251 0.491684 0.286645 0.185349 0.0137756 0.00472122
Year 2001 Obs  =  0 0.0440601 0.736538 0.152541 0.0522797 0.0145814
Year 2001 Pred =  0.0185596 0.305925 0.507467 0.128588 0.0357967 0.00366375
Year 2002 Obs  =  0.0280158 0.683831 0.135028 0.114726 0.0383989 0
Year 2002 Pred =  0.01038 0.349478 0.379055 0.232196 0.0219904 0.00689999
Year 2003 Obs  =  0.0688254 0.167473 0.452382 0.239083 0.0722367 0
Year 2003 Pred =  0.0143824 0.185847 0.442192 0.277682 0.0708574 0.00903914
Year 2004 Obs  =  0.0271103 0.226578 0.486959 0.137058 0.090288 0.0320077
Year 2004 Pred =  0.0262995 0.25571 0.237998 0.349248 0.101016 0.0297295
Year 2005 Obs  =  0.214711 0.300087 0.141208 0.0984027 0.222562 0.0230291
Year 2005 Pred =  0.0833441 0.371617 0.262743 0.149534 0.0959442 0.0368181
Year 2006 Obs  =  0.0251601 0.793738 0.112273 0.0530311 0 0.0157978
Year 2006 Pred =  0.0341329 0.614416 0.205298 0.0958217 0.0263387 0.023993
Year 2007 Obs  =  0 0.396358 0.543565 0.0600765 0 0
Year 2007 Pred =  0.0116056 0.355386 0.486588 0.108937 0.0243245 0.0131583
Year 2008 Obs  =  0 0.0393185 0.541915 0.379794 0.038973 0
Year 2008 Pred =  0.0187398 0.159879 0.384915 0.377868 0.0432936 0.0153051
Year 2009 Obs  =  0.0394994 0.241036 0.218994 0.335979 0.152724 0.0117682
Year 2009 Pred =  0.0177812 0.264868 0.182887 0.332642 0.174125 0.027697
Year 2010 Obs  =  0.028606 0.317117 0.357211 0.128131 0.157784 0.0111508
Year 2010 Pred =  0.0137093 0.241069 0.30027 0.166902 0.171543 0.106507
Year 2011 Obs  =  0.0778745 0.228946 0.261031 0.274736 0.0741135 0.0832994
Year 2011 Pred =  0.026215 0.180744 0.267937 0.276879 0.0915052 0.15672
Year 2012 Obs  =  0.0124972 0.494904 0.111692 0.153304 0.108417 0.119185
Year 2012 Pred =  0.00591436 0.335826 0.188399 0.218927 0.130291 0.120643
Year 2013 Obs  =  0.103919 0.0865375 0.532516 0.153936 0.0683925 0.054699
Year 2013 Pred =  0.006575 0.105955 0.462362 0.182525 0.11125 0.131332
Year 2014 Obs  =  0.00522717 0.241932 0.205972 0.423406 0.0859643 0.0374992
Year 2014 Pred =  0.00163991 0.147824 0.171958 0.469741 0.088103 0.120733
Year 2015 Obs  =  0.0190605 0.0256705 0.312778 0.260762 0.381729 0
Year 2015 Pred =  0.000605657 0.0538842 0.338444 0.225593 0.261512 0.119961
 Index number 2
Year 1973 Obs  =  0.119324 0.150538 0.340303 0.18644 0.132132 0.071264
Year 1973 Pred =  0.138904 0.160147 0.306401 0.177567 0.103626 0.113354
Year 1974 Obs  =  0.143825 0.226914 0.0805289 0.316983 0.134204 0.0975437
Year 1974 Pred =  0.162376 0.245044 0.112404 0.22982 0.111022 0.139334
Year 1975 Obs  =  0.571739 0.157148 0.0579031 0.0870644 0.0831009 0.0430439
Year 1975 Pred =  0.598924 0.153582 0.0762188 0.0371401 0.0632995 0.0708354
Year 1976 Obs  =  0.274768 0.58828 0.048958 0.00646431 0.0102111 0.071319
Year 1976 Pred =  0.266712 0.59415 0.0547957 0.0289546 0.0117611 0.0436265
Year 1977 Obs  =  0.510178 0.324685 0.127419 0.00740478 0.0063383 0.0239741
Year 1977 Pred =  0.607389 0.184399 0.169616 0.016728 0.00736827 0.0144999
Year 1978 Obs  =  0.277989 0.637789 0.0395617 0.0315021 0.00320452 0.00995354
Year 1978 Pred =  0.406697 0.517131 0.0368114 0.0330018 0.0027131 0.00364589
Year 1979 Obs  =  0.224595 0.493926 0.237504 0.0361866 0.0039531 0.00383438
Year 1979 Pred =  0.351384 0.47946 0.152383 0.00897629 0.00650757 0.00128823
Year 1980 Obs  =  0.224752 0.566796 0.147518 0.0609345 0 0
Year 1980 Pred =  0.421886 0.384897 0.149049 0.0405125 0.00193407 0.0017213
Year 1981 Obs  =  0.456806 0.461127 0.0657022 0.00959521 0.00556436 0.00120465
Year 1981 Pred =  0.557783 0.309723 0.0922753 0.0323742 0.00717965 0.000665111
Year 1982 Obs  =  0.0807355 0.712466 0.175838 0.0214155 0.00954477 0
Year 1982 Pred =  0.204498 0.64321 0.110744 0.0305608 0.0088033 0.00218489
Year 1983 Obs  =  0.098224 0.584359 0.290064 0.0240021 0.00198149 0.00136901
Year 1983 Pred =  0.0931479 0.462025 0.371557 0.0559898 0.0126265 0.00465327
Year 1984 Obs  =  0.315164 0.278223 0.333711 0.0729019 0 0
Year 1984 Pred =  0.323071 0.248737 0.245413 0.157497 0.0192045 0.00607766
Year 1985 Obs  =  0.58855 0.297584 0.075863 0.038003 0 0
Year 1985 Pred =  0.509135 0.372476 0.0543912 0.0400572 0.0205577 0.00338332
Year 1986 Obs  =  0.173763 0.602503 0.169521 0.0486617 0.00555047 0
Year 1986 Pred =  0.171867 0.616815 0.170273 0.0210485 0.0124021 0.00759475
Year 1987 Obs  =  0.498792 0.24245 0.211192 0.0194377 0.0163604 0.0117682
Year 1987 Pred =  0.488216 0.185582 0.241013 0.0707843 0.00729396 0.00711059
Year 1988 Obs  =  0.872351 0.0634683 0.0281498 0.0281116 0.00263981 0.00527961
Year 1988 Pred =  0.859489 0.101359 0.0140331 0.0193816 0.00474501 0.000991538
Year 1989 Obs  =  0.00190176 0.863039 0.119851 0.0142636 0.000944549 0
Year 1989 Pred =  0.161236 0.800706 0.0323331 0.00228964 0.00263605 0.000799571
Year 1990 Obs  =  0.0049042 0.351089 0.596556 0.047451 0 0
Year 1990 Pred =  0.0755822 0.372 0.545279 0.00639048 0.000294978 0.000453764
Year 1991 Obs  =  0.20822 0.0898802 0.566416 0.135484 0 0
Year 1991 Pred =  0.0711486 0.295503 0.428482 0.203389 0.00131848 0.00015874
Year 1992 Obs  =  0.305953 0.0435895 0.130785 0.519673 0 0
Year 1992 Pred =  0.166394 0.251306 0.333257 0.194702 0.0539406 0.000401326
Year 1993 Obs  =  0.559584 0.0470531 0.218863 0.1745 0 0
Year 1993 Pred =  0.291816 0.321125 0.17823 0.142167 0.0518482 0.0148146
Year 1994 Obs  =  0.496639 0.300738 0.0720595 0.0782009 0.0355928 0.0167699
Year 1994 Pred =  0.50009 0.349242 0.0906871 0.0326565 0.0184537 0.00887045
Year 1995 Obs  =  0.114922 0.533324 0.212714 0.0954239 0 0.0436166
Year 1995 Pred =  0.273203 0.561479 0.130135 0.0237757 0.00613855 0.00526861
Year 1996 Obs  =  0.482733 0.173197 0.34407 0 0 0
Year 1996 Pred =  0.213641 0.43413 0.290142 0.0512281 0.00727471 0.0035833
Year 1997 Obs  =  0.265647 0.167671 0.471445 0.0875939 0.00764327 0
Year 1997 Pred =  0.439842 0.306841 0.167608 0.0735584 0.00998035 0.00216998
Year 1998 Obs  =  0.328991 0.598934 0.0456372 0.0179634 0 0.00847493
Year 1998 Pred =  0.223584 0.613719 0.111519 0.0371578 0.0119903 0.00202976
Year 1999 Obs  =  0.630119 0.199403 0.142041 0.0142187 0.0142187 0
Year 1999 Pred =  0.352115 0.369572 0.24421 0.0254805 0.00621837 0.00240405
Year 2000 Obs  =  0.0222849 0.753349 0.13677 0.0772468 0 0.0103488
Year 2000 Pred =  0.185857 0.590311 0.157142 0.0605684 0.00454456 0.00157704
Year 2001 Obs  =  0.317228 0.496389 0.128702 0.0576805 0 0
Year 2001 Pred =  0.23389 0.42974 0.285038 0.0391797 0.0110111 0.00114109
Year 2002 Obs  =  0.0845937 0.583246 0.285288 0.0468723 0 0
Year 2002 Pred =  0.125489 0.485138 0.277685 0.0991908 0.00948365 0.00301299
Year 2003 Obs  =  0.687923 0.00486205 0.157919 0.134709 0 0.0145861
Year 2003 Pred =  0.180444 0.27368 0.362599 0.141977 0.0365748 0.00472423
Year 2004 Obs  =  0.26624 0.371086 0 0.0871631 0.181485 0.0940253
Year 2004 Pred =  0.294967 0.33282 0.167758 0.148262 0.0432924 0.0129008
Year 2005 Obs  =  0.716918 0.176092 0.0703533 0.0184575 0.0181799 0
Year 2005 Pred =  0.528846 0.279661 0.112929 0.0413623 0.0267922 0.0104102
Year 2006 Obs  =  0.337416 0.608829 0.0483145 0.00544052 0 0
Year 2006 Pred =  0.268812 0.572686 0.108735 0.0324551 0.00900615 0.00830685
Year 2007 Obs  =  0.129778 0.648543 0.206362 0 0.0153167 0
Year 2007 Pred =  0.121303 0.446154 0.359854 0.0538885 0.0121476 0.00665353
Year 2008 Obs  =  0.324301 0.119845 0.326725 0.2036 0.0179777 0.00755143
Year 2008 Pred =  0.21261 0.219831 0.318697 0.21508 0.0248777 0.00890492
Year 2009 Obs  =  0.224905 0.371765 0.222819 0.167508 0.0130026 0
Year 2009 Pred =  0.19022 0.347792 0.149164 0.193871 0.102452 0.0165007
Year 2010 Obs  =  0.0302032 0.463575 0.255527 0.184468 0.0662268 0
Year 2010 Pred =  0.146301 0.319297 0.25384 0.104301 0.108225 0.0680361
Year 2011 Obs  =  0.135657 0.236183 0.325036 0.199634 0.0948715 0.00861844
Year 2011 Pred =  0.265211 0.225371 0.209634 0.156772 0.0523057 0.0907059
Year 2012 Obs  =  0.0517669 0.543585 0.217325 0.123266 0.0296452 0.0344121
Year 2012 Pred =  0.0710278 0.487027 0.163083 0.128858 0.0774197 0.0725847
Year 2013 Obs  =  0.14767 0.153234 0.504613 0.108274 0.0552103 0.0309992
Year 2013 Pred =  0.0962611 0.183316 0.452886 0.113806 0.0700274 0.0837039
Year 2014 Obs  =  0.0975729 0.388208 0.156476 0.295723 0 0.0620209
Year 2014 Pred =  0.0303724 0.315647 0.195696 0.315607 0.0597592 0.082918
Year 2015 Obs  =  0 0 0.401234 0.479421 0 0.119345
Year 2015 Pred =  0.0120807 0.124087 0.416807 0.16472 0.192769 0.0895349

Index Selectivity at Age
 0.0164283 0.351564 0.630229 1 1 1
 0.267715 0.698878 0.817489 1 1 1

Deviations section: only applicable if associated lambda > 0
Nyear1 observed, expected, standardized residual
N/A

Fleet Obs, Initial, and Stadardized Residual for Fmult
N/A

Standardized Residuals for Fmult_devs by fleet and year
N/A

Index Obs, Initial, and Standardized Residual for q_year1
N/A

Standardized Residuals for catchability deviations by index and year
N/A

Obs, Initial, and Stadardized Residual for SR steepness
N/A

Obs, Initial, and Stadardized Residual for SR scaler
N/A

End of Deviations Section

Selectivity by age and year for each fleet
 fleet 1 selectivity at age
 0.134663 0.974612 0.999998 1 1 1
 0.134663 0.974612 0.999998 1 1 1
 0.134663 0.974612 0.999998 1 1 1
 0.134663 0.974612 0.999998 1 1 1
 0.134663 0.974612 0.999998 1 1 1
 0.0327128 0.429475 0.9158 1 1 1
 0.0327128 0.429475 0.9158 1 1 1
 0.0327128 0.429475 0.9158 1 1 1
 0.0327128 0.429475 0.9158 1 1 1
 0.0327128 0.429475 0.9158 1 1 1
 0.0327128 0.429475 0.9158 1 1 1
 0.0327128 0.429475 0.9158 1 1 1
 0.0327128 0.429475 0.9158 1 1 1
 0.121119 0.969035 0.999998 1 1 1
 0.121119 0.969035 0.999998 1 1 1
 0.121119 0.969035 0.999998 1 1 1
 0.0194534 0.211193 0.39961 1 1 1
 0.0194534 0.211193 0.39961 1 1 1
 0.0194534 0.211193 0.39961 1 1 1
 0.0194534 0.211193 0.39961 1 1 1
 0.0194534 0.211193 0.39961 1 1 1
 0.00363193 0.128319 0.638023 1 1 1
 0.00363193 0.128319 0.638023 1 1 1
 0.00363193 0.128319 0.638023 1 1 1
 0.00363193 0.128319 0.638023 1 1 1
 0.00363193 0.128319 0.638023 1 1 1
 0.00363193 0.128319 0.638023 1 1 1
 0.00363193 0.128319 0.638023 1 1 1
 0.00363193 0.128319 0.638023 1 1 1
 0.0190087 0.170079 0.539378 1 1 1
 0.0190087 0.170079 0.539378 1 1 1
 0.0190087 0.170079 0.539378 1 1 1
 0.0190087 0.170079 0.539378 1 1 1
 0.0190087 0.170079 0.539378 1 1 1
 0.0190087 0.170079 0.539378 1 1 1
 0.0190087 0.170079 0.539378 1 1 1
 0.0190087 0.170079 0.539378 1 1 1
 0.0190087 0.170079 0.539378 1 1 1
 0.0190087 0.170079 0.539378 1 1 1
 0.0190087 0.170079 0.539378 1 1 1
 0.0190087 0.170079 0.539378 1 1 1
 0.0190087 0.170079 0.539378 1 1 1
 0.0190087 0.170079 0.539378 1 1 1

Fmult by year for each fleet
1973   0.647121
1974   1.58738
1975   1.22281
1976   0.541375
1977   0.803932
1978   1.44229
1979   1.33763
1980   1.01786
1981   0.720062
1982   0.94312
1983   1.41124
1984   1.97225
1985   1.95021
1986   1.10434
1987   1.15662
1988   0.399275
1989   1.63862
1990   2.73246
1991   2.37474
1992   1.92688
1993   1.08387
1994   1.66517
1995   0.773077
1996   0.899059
1997   1.3869
1998   1.42955
1999   1.63222
2000   1.47921
2001   2.00006
2002   1.25782
2003   0.966995
2004   1.11764
2005   0.829689
2006   0.85722
2007   0.662063
2008   0.543169
2009   0.375131
2010   0.227914
2011   0.320215
2012   0.590832
2013   0.877203
2014   1.20421
2015   1.18577

Directed F by age and year for each fleet
 fleet 1 directed F at age
 0.0871434 0.630692 0.64712 0.647121 0.647121 0.647121
 0.213762 1.54708 1.58738 1.58738 1.58738 1.58738
 0.164667 1.19176 1.2228 1.22281 1.22281 1.22281
 0.0729033 0.52763 0.541374 0.541375 0.541375 0.541375
 0.10826 0.783521 0.80393 0.803932 0.803932 0.803932
 0.0471812 0.619425 1.32084 1.44229 1.44229 1.44229
 0.0437575 0.574477 1.225 1.33763 1.33763 1.33763
 0.033297 0.437144 0.932154 1.01786 1.01786 1.01786
 0.0235553 0.309248 0.659432 0.720062 0.720062 0.720062
 0.0308521 0.405046 0.863709 0.94312 0.94312 0.94312
 0.0461656 0.606091 1.29241 1.41124 1.41124 1.41124
 0.0645178 0.847031 1.80618 1.97225 1.97225 1.97225
 0.0637968 0.837564 1.786 1.95021 1.95021 1.95021
 0.133757 1.07015 1.10434 1.10434 1.10434 1.10434
 0.140089 1.12081 1.15662 1.15662 1.15662 1.15662
 0.0483599 0.386911 0.399274 0.399275 0.399275 0.399275
 0.0318767 0.346066 0.654808 1.63862 1.63862 1.63862
 0.0531557 0.577078 1.09192 2.73246 2.73246 2.73246
 0.0461968 0.50153 0.94897 2.37474 2.37474 2.37474
 0.0374844 0.406944 0.77 1.92688 1.92688 1.92688
 0.021085 0.228907 0.433126 1.08387 1.08387 1.08387
 0.0060478 0.213674 1.06242 1.66517 1.66517 1.66517
 0.00280776 0.0992006 0.493241 0.773077 0.773077 0.773077
 0.00326532 0.115367 0.57362 0.899059 0.899059 0.899059
 0.00503713 0.177966 0.884873 1.3869 1.3869 1.3869
 0.00519202 0.183438 0.912084 1.42955 1.42955 1.42955
 0.00592812 0.209445 1.0414 1.63222 1.63222 1.63222
 0.00537238 0.189811 0.943767 1.47921 1.47921 1.47921
 0.00726408 0.256646 1.27608 2.00006 2.00006 2.00006
 0.0239096 0.213929 0.678442 1.25782 1.25782 1.25782
 0.0183813 0.164465 0.521576 0.966995 0.966995 0.966995
 0.0212448 0.190086 0.60283 1.11764 1.11764 1.11764
 0.0157713 0.141112 0.447516 0.829689 0.829689 0.829689
 0.0162946 0.145795 0.462366 0.85722 0.85722 0.85722
 0.012585 0.112603 0.357102 0.662063 0.662063 0.662063
 0.0103249 0.0923814 0.292974 0.543169 0.543169 0.543169
 0.00713076 0.0638018 0.202338 0.375131 0.375131 0.375131
 0.00433235 0.0387633 0.122932 0.227914 0.227914 0.227914
 0.00608686 0.0544616 0.172717 0.320215 0.320215 0.320215
 0.011231 0.100488 0.318682 0.590832 0.590832 0.590832
 0.0166745 0.149193 0.473144 0.877203 0.877203 0.877203
 0.0228904 0.20481 0.649524 1.20421 1.20421 1.20421
 0.0225399 0.201674 0.639577 1.18577 1.18577 1.18577
Discard F by age and year for each fleet
 fleet 1 Discard F at age
 0 0 0 0 0 0
 0 0 0 0 0 0
 0 0 0 0 0 0
 0 0 0 0 0 0
 0 0 0 0 0 0
 0 0 0 0 0 0
 0 0 0 0 0 0
 0 0 0 0 0 0
 0 0 0 0 0 0
 0 0 0 0 0 0
 0 0 0 0 0 0
 0 0 0 0 0 0
 0 0 0 0 0 0
 0 0 0 0 0 0
 0 0 0 0 0 0
 0 0 0 0 0 0
 0 0 0 0 0 0
 0 0 0 0 0 0
 0 0 0 0 0 0
 0 0 0 0 0 0
 0 0 0 0 0 0
 0 0 0 0 0 0
 0 0 0 0 0 0
 0 0 0 0 0 0
 0 0 0 0 0 0
 0 0 0 0 0 0
 0 0 0 0 0 0
 0 0 0 0 0 0
 0 0 0 0 0 0
 0 0 0 0 0 0
 0 0 0 0 0 0
 0 0 0 0 0 0
 0 0 0 0 0 0
 0 0 0 0 0 0
 0 0 0 0 0 0
 0 0 0 0 0 0
 0 0 0 0 0 0
 0 0 0 0 0 0
 0 0 0 0 0 0
 0 0 0 0 0 0
 0 0 0 0 0 0
 0 0 0 0 0 0
 0 0 0 0 0 0
Total F
 0.0871434 0.630692 0.64712 0.647121 0.647121 0.647121
 0.213762 1.54708 1.58738 1.58738 1.58738 1.58738
 0.164667 1.19176 1.2228 1.22281 1.22281 1.22281
 0.0729033 0.52763 0.541374 0.541375 0.541375 0.541375
 0.10826 0.783521 0.80393 0.803932 0.803932 0.803932
 0.0471812 0.619425 1.32084 1.44229 1.44229 1.44229
 0.0437575 0.574477 1.225 1.33763 1.33763 1.33763
 0.033297 0.437144 0.932154 1.01786 1.01786 1.01786
 0.0235553 0.309248 0.659432 0.720062 0.720062 0.720062
 0.0308521 0.405046 0.863709 0.94312 0.94312 0.94312
 0.0461656 0.606091 1.29241 1.41124 1.41124 1.41124
 0.0645178 0.847031 1.80618 1.97225 1.97225 1.97225
 0.0637968 0.837564 1.786 1.95021 1.95021 1.95021
 0.133757 1.07015 1.10434 1.10434 1.10434 1.10434
 0.140089 1.12081 1.15662 1.15662 1.15662 1.15662
 0.0483599 0.386911 0.399274 0.399275 0.399275 0.399275
 0.0318767 0.346066 0.654808 1.63862 1.63862 1.63862
 0.0531557 0.577078 1.09192 2.73246 2.73246 2.73246
 0.0461968 0.50153 0.94897 2.37474 2.37474 2.37474
 0.0374844 0.406944 0.77 1.92688 1.92688 1.92688
 0.021085 0.228907 0.433126 1.08387 1.08387 1.08387
 0.0060478 0.213674 1.06242 1.66517 1.66517 1.66517
 0.00280776 0.0992006 0.493241 0.773077 0.773077 0.773077
 0.00326532 0.115367 0.57362 0.899059 0.899059 0.899059
 0.00503713 0.177966 0.884873 1.3869 1.3869 1.3869
 0.00519202 0.183438 0.912084 1.42955 1.42955 1.42955
 0.00592812 0.209445 1.0414 1.63222 1.63222 1.63222
 0.00537238 0.189811 0.943767 1.47921 1.47921 1.47921
 0.00726408 0.256646 1.27608 2.00006 2.00006 2.00006
 0.0239096 0.213929 0.678442 1.25782 1.25782 1.25782
 0.0183813 0.164465 0.521576 0.966995 0.966995 0.966995
 0.0212448 0.190086 0.60283 1.11764 1.11764 1.11764
 0.0157713 0.141112 0.447516 0.829689 0.829689 0.829689
 0.0162946 0.145795 0.462366 0.85722 0.85722 0.85722
 0.012585 0.112603 0.357102 0.662063 0.662063 0.662063
 0.0103249 0.0923814 0.292974 0.543169 0.543169 0.543169
 0.00713076 0.0638018 0.202338 0.375131 0.375131 0.375131
 0.00433235 0.0387633 0.122932 0.227914 0.227914 0.227914
 0.00608686 0.0544616 0.172717 0.320215 0.320215 0.320215
 0.011231 0.100488 0.318682 0.590832 0.590832 0.590832
 0.0166745 0.149193 0.473144 0.877203 0.877203 0.877203
 0.0228904 0.20481 0.649524 1.20421 1.20421 1.20421
 0.0225399 0.201674 0.639577 1.18577 1.18577 1.18577

Average F for ages 4 to 5
Freport unweighted in .std and MCMC files
year    unweighted   Nweighted    Bweighted
1973  0.647121  0.647121  0.647121
1974  1.58738  1.58738  1.58738
1975  1.22281  1.22281  1.22281
1976  0.541375  0.541375  0.541375
1977  0.803932  0.803932  0.803932
1978  1.44229  1.44229  1.44229
1979  1.33763  1.33763  1.33763
1980  1.01786  1.01786  1.01786
1981  0.720062  0.720062  0.720062
1982  0.94312  0.94312  0.94312
1983  1.41124  1.41124  1.41124
1984  1.97225  1.97225  1.97225
1985  1.95021  1.95021  1.95021
1986  1.10434  1.10434  1.10434
1987  1.15662  1.15662  1.15662
1988  0.399275  0.399275  0.399275
1989  1.63862  1.63862  1.63862
1990  2.73246  2.73246  2.73246
1991  2.37474  2.37474  2.37474
1992  1.92688  1.92688  1.92688
1993  1.08387  1.08387  1.08387
1994  1.66517  1.66517  1.66517
1995  0.773077  0.773077  0.773077
1996  0.899059  0.899059  0.899059
1997  1.3869  1.3869  1.3869
1998  1.42955  1.42955  1.42955
1999  1.63222  1.63222  1.63222
2000  1.47921  1.47921  1.47921
2001  2.00006  2.00006  2.00006
2002  1.25782  1.25782  1.25782
2003  0.966995  0.966995  0.966995
2004  1.11764  1.11764  1.11764
2005  0.829689  0.829689  0.829689
2006  0.85722  0.85722  0.85722
2007  0.662063  0.662063  0.662063
2008  0.543169  0.543169  0.543169
2009  0.375131  0.375131  0.375131
2010  0.227914  0.227914  0.227914
2011  0.320215  0.320215  0.320215
2012  0.590832  0.590832  0.590832
2013  0.877203  0.877203  0.877203
2014  1.20421  1.20421  1.20421
2015  1.18577  1.18577  1.18577

Population Numbers at the Start of the Year
 35870.5 22614.4 36341 16947.7 9750.58 10468.6
 14695.8 21928.2 8601.13 14151.6 6739.66 8301.85
 39278.5 7915.3 3335.72 1308.02 2197.77 2413.91
 19497.9 22220.4 1717.79 730.436 292.499 1064.92
 65978.4 12090.3 9368.75 743.536 322.876 623.626
 55587.5 39490.8 3946.7 3118.81 252.772 333.391
 47859 35366.9 15190.1 783.516 559.99 108.804
 68011.7 30554.2 14229.3 3318.94 156.204 136.448
 175337 43876.7 14102.6 4166.79 910.999 82.832
 75406.6 114223 23014.7 5424.5 1540.47 375.255
 17760.4 48766.5 54440.4 7216.9 1604.49 580.364
 22459.1 11311.3 19009.7 11119.4 1336.68 415.191
 29538.5 14043.8 3465.21 2322.78 1175.21 189.833
 7015.06 18483.9 4343.21 432.045 250.966 150.842
 14187 4093.1 4530.14 1070.66 108.765 104.069
 148754 8225.47 953.605 1059.85 255.802 52.4647
 41345.7 94531.3 3992.13 475.789 540.023 160.77
 10072.2 26711.4 47792.3 1542.67 70.2006 105.992
 2996.72 6370.16 10719 11928.7 76.2341 9.00849
 2633.24 1908.51 2756.87 3086.52 842.996 6.15597
 3616.34 1691.69 907.899 949.42 341.354 95.731
 7956.45 2361.69 961.582 437.908 243.954 115.096
 6563.91 5274.77 1363.02 247.191 62.9181 53.0024
 5430.11 4365.7 3413.49 619.069 86.6679 41.9002
 12495.7 3609.95 2779.89 1430.63 191.36 40.8368
 7266.08 8292.48 2159.18 853.456 271.502 45.1103
 10840.6 4821.21 4932.82 645.097 155.205 58.8927
 5417.72 7187.71 2794.29 1295.01 95.7919 32.6264
 4460.41 3594.13 4248.48 808.813 224.094 22.7934
 1821.3 2953.46 1987.06 882.038 83.1386 25.9247
 1926.76 1186.06 1704.12 749.922 190.454 24.1451
 2708.5 1261.7 719.049 752.37 216.583 63.3459
 8369.26 1768.53 745.553 292.686 186.903 71.278
 6434.32 5494.76 1097.5 354.465 96.9708 87.7865
 2927.85 4222.18 3393.97 514.104 114.25 61.4198
 4821.3 1928.38 2695.94 1766.32 201.414 70.7619
 4586.41 3182.66 1256.46 1495.97 779.368 123.2
 3728.44 3037.29 2133.82 763.351 780.862 481.81
 7724.95 2476.03 2087.99 1403.52 461.649 785.756
 1920.3 5121.1 1675.64 1306.68 773.963 712.203
 1655.36 1266.49 3309.78 906.208 549.72 644.924
 250.603 1085.83 779.624 1533.78 286.307 389.911
 38.2275 163.364 632.252 302.865 349.423 159.292

Biomass Time Series
Year, TotJan1B, SSB, ExploitableB
1973  38194.5  20144.2  34728.6
1974  22619.9  8324.78  22368.4
1975  12899.5  2648.9  7318.94
1976  11342.1  3354.33  8964.22
1977  19300.9  3742.16  9692.8
1978  24436.2  5218.5  8819.95
1979  22463.7  6504.33  10706.1
1980  25974.4  6959.13  11041.9
1981  34766  8829.59  12728.9
1982  48176.7  16434.2  24935.4
1983  35209.7  15348.7  27596.1
1984  15972.4  5015.67  11658.4
1985  9863.34  2135.01  4558.73
1986  6971.35  2282.89  7126.7
1987  6080.19  1407.03  3641.31
1988  48059.3  1840.02  8299.51
1989  25939  8579.65  5583.51
1990  17912.6  9192.99  7718.35
1991  8408.36  3693.86  6119.32
1992  2803.7  1469.99  2458.15
1993  1617.43  835.403  1007.97
1994  1450.71  529.522  632.202
1995  1466.43  788.563  606.373
1996  2326.06  1447.8  1357.41
1997  3524.13  1337.78  1634.73
1998  3700.01  1535.49  1423.5
1999  4131  1798.76  2011.99
2000  3924.73  1813.51  1906.2
2001  3478.42  1532.66  1934.79
2002  2158.78  1166.72  1230.16
2003  1523.28  938.947  1035.52
2004  1255.91  635.146  822.131
2005  1462.8  592.878  596.571
2006  1980.5  924.322  764.797
2007  2291.53  1487.26  1228.78
2008  2641.21  1624.98  1671.38
2009  2503.62  1635.19  1722.13
2010  2543.59  1891.5  1773.1
2011  3347.33  2061.55  2117.58
2012  3105.64  1972.15  2107.29
2013  2467.51  1602.89  1847.76
2014  1553.12  908.085  1365.4
2015  682.131  413.592  584.921

q by index
 index 1 q over time
1973  0.829828
1974  0.829828
1975  0.829828
1976  0.829828
1977  0.829828
1978  0.829828
1979  0.829828
1980  0.829828
1981  0.829828
1982  0.829828
1983  0.829828
1984  0.829828
1985  0.829828
1986  0.829828
1987  0.829828
1988  0.829828
1989  0.829828
1990  0.829828
1991  0.829828
1992  0.829828
1993  0.829828
1994  0.829828
1995  0.829828
1996  0.829828
1997  0.829828
1998  0.829828
1999  0.829828
2000  0.829828
2001  0.829828
2002  0.829828
2003  0.829828
2004  0.829828
2005  0.829828
2006  0.829828
2007  0.829828
2008  0.829828
2009  0.829828
2010  0.829828
2011  0.829828
2012  0.829828
2013  0.829828
2014  0.829828
2015  0.829828
 index 2 q over time
1973  0.403303
1974  0.403303
1975  0.403303
1976  0.403303
1977  0.403303
1978  0.403303
1979  0.403303
1980  0.403303
1981  0.403303
1982  0.403303
1983  0.403303
1984  0.403303
1985  0.403303
1986  0.403303
1987  0.403303
1988  0.403303
1989  0.403303
1990  0.403303
1991  0.403303
1992  0.403303
1993  0.403303
1994  0.403303
1995  0.403303
1996  0.403303
1997  0.403303
1998  0.403303
1999  0.403303
2000  0.403303
2001  0.403303
2002  0.403303
2003  0.403303
2004  0.403303
2005  0.403303
2006  0.403303
2007  0.403303
2008  0.403303
2009  0.403303
2010  0.403303
2011  0.403303
2012  0.403303
2013  0.403303
2014  0.403303
2015  0.403303

Proportions of catch at age by fleet
 fleet 1
Year 1 Obs  =  0.00545691 0.144785 0.320763 0.216458 0.14188 0.170658
Year 1 Pred =  0.0578655 0.214293 0.356865 0.167911 0.0973883 0.105677
Year 2 Obs  =  0.0169397 0.555763 0.117739 0.158347 0.0792596 0.0719506
Year 2 Pred =  0.0521595 0.340132 0.136875 0.226875 0.108777 0.135182
Year 3 Obs  =  0.444401 0.220404 0.104175 0.0624274 0.0883052 0.0802875
Year 3 Pred =  0.315049 0.308896 0.134021 0.0529726 0.0896516 0.0994097
Year 4 Obs  =  0.0209783 0.66913 0.128152 0.0355435 0.0488043 0.0973913
Year 4 Pred =  0.108733 0.755507 0.0606075 0.0260063 0.0105002 0.0386453
Year 5 Obs  =  0.309764 0.296172 0.304651 0.0316124 0.0173338 0.0404664
Year 5 Pred =  0.334698 0.341439 0.273658 0.0219067 0.00958771 0.0187104
Year 6 Obs  =  0.312325 0.525768 0.0862784 0.0586358 0.00985241 0.00714001
Year 6 Pred =  0.0917062 0.684793 0.11232 0.0934106 0.00762326 0.0101466
Year 7 Obs  =  0.00653549 0.632045 0.304111 0.0373155 0.01539 0.00460295
Year 7 Pred =  0.0660321 0.521924 0.37415 0.0203625 0.0146566 0.00287432
Year 8 Obs  =  0.0423678 0.445853 0.303951 0.176525 0.0236043 0.00769905
Year 8 Pred =  0.0879904 0.446399 0.366513 0.0909771 0.00431413 0.00380598
Year 9 Obs  =  0.00184512 0.359635 0.409508 0.158789 0.060292 0.00993108
Year 9 Pred =  0.154761 0.460656 0.275953 0.0875608 0.0192968 0.00177303
Year 10 Obs  =  0.00311582 0.669013 0.28135 0.0366404 0.00818395 0.00169595
Year 10 Pred =  0.0374602 0.649114 0.233724 0.0587528 0.0168126 0.00413686
Year 11 Obs  =  0.0355781 0.277899 0.624782 0.0532119 0.00569072 0.00283797
Year 11 Pred =  0.0107341 0.311399 0.573354 0.0800501 0.0179214 0.00654206
Year 12 Obs  =  0.0132301 0.165658 0.560028 0.2286 0.024715 0.00776918
Year 12 Pred =  0.0370337 0.17991 0.459162 0.279498 0.0338084 0.0105877
Year 13 Obs  =  0.132837 0.507877 0.142054 0.128653 0.0724979 0.0160816
Year 13 Pred =  0.108071 0.497346 0.186916 0.130441 0.0664099 0.0108159
Year 14 Obs  =  0.0290806 0.662706 0.229467 0.0438627 0.0245907 0.0102922
Year 14 Pred =  0.0502799 0.736035 0.178876 0.0179393 0.0104979 0.00637147
Year 15 Obs  =  0.175854 0.39439 0.288537 0.112927 0.0203659 0.00792683
Year 15 Pred =  0.204244 0.321991 0.368348 0.0877604 0.00898081 0.00867625
Year 16 Obs  =  0.621881 0.236617 0.0627855 0.0592714 0.0156964 0.00374839
Year 16 Pred =  0.663114 0.259764 0.031459 0.0352912 0.00859007 0.00178152
Year 17 Obs  =  0.000990723 0.834009 0.142484 0.0202198 0.00216158 0.000135099
Year 17 Pred =  0.0390669 0.867629 0.0617183 0.0127067 0.0145184 0.00436027
Year 18 Obs  =  0.00388127 0.0424697 0.903484 0.048056 0.00199672 0.000112176
Year 18 Pred =  0.0106744 0.251192 0.701204 0.0331117 0.00151484 0.0023033
Year 19 Obs  =  0.0244617 0.0899774 0.298054 0.57427 0.0101263 0.00311108
Year 19 Pred =  0.00615591 0.119545 0.321432 0.548919 0.00352822 0.000420086
Year 20 Obs  =  0.063631 0.198457 0.295016 0.396618 0.0436072 0.00266983
Year 20 Pred =  0.0159496 0.109597 0.26107 0.480382 0.132029 0.000972143
