Age Structured Assessment Program (ASAP) Version 3.0
Start time for run: Fri Nov 17 11:09:01 2017

obj_fun        = 2306.3

Component                Lambda          obj_fun
__Catch_Fleet_1               1          -52.8342
Catch_Fleet_Total             1          -52.8342
Discard_Fleet_Total           0          0
__Index_Fit_1                 1          -17.6769
__Index_Fit_2                 1          1.1567
Index_Fit_Total               2          -16.5202
Catch_Age_Comps       see_below          1248.01
Discard_Age_Comps     see_below          0
Index_Age_Comps       see_below          1127.65
__Sel_Param_1                 0          0
__Sel_Param_2                 0          -0
__Sel_Param_3                 0          -0
__Sel_Param_7                 0          0
__Sel_Param_8                 0          -0
__Sel_Param_9                 0          -0
__Sel_Param_13                0          0
__Sel_Param_14                0          0
__Sel_Param_15                0          -0
__Sel_Param_19                0          0
__Sel_Param_20                0          -0
__Sel_Param_21                0          0
__Sel_Param_25                0          0
__Sel_Param_26                0          0
__Sel_Param_27                0          -0
__Sel_Param_31                0          0
__Sel_Param_32                0          -0
__Sel_Param_33                0          -0
Sel_Params_Total              0          0
__Index_Sel_Param_1           0          0
__Index_Sel_Param_2           0          0
__Index_Sel_Param_3           0          -0
__Index_Sel_Param_7           0          -0
__Index_Sel_Param_8           0          -0
__Index_Sel_Param_9           0          -0
Index_Sel_Params_Total        0          0
q_year1_Total                 0          0
q_devs_Total                  0          0
__Fmult_year1_fleet_1         0          -0
Fmult_year1_fleet_Total       0          0
Fmult_devs_fleet_Total        0          0
N_year_1                      0          0
Recruit_devs                  0          0
SR_steepness                  0          0
SR_scaler                     0          0
Fmult_Max_penalty          1000          0
F_penalty                     0          0

 Input and Estimated effective sample sizes for fleet 1
1973  18  51.6661
1974  18  11.2917
1975  18  26.9965
1976  18  20.7854
1977  18  308.547
1978  18  7.20512
1979  18  22.2778
1980  18  53.1683
1981  18  14.2344
1982  18  101.114
1983  18  119.997
1984  18  39.0739
1985  18  173.789
1986  18  65.1257
1987  18  45.2082
1988  18  199.017
1989  18  32.6304
1990  18  5.79897
1991  18  455.235
1992  18  22.0679
1993  18  49.1751
1994  18  50.5833
1995  18  12.8212
1996  37  82.6631
1997  37  40.7716
1998  37  85.1995
1999  37  160.823
2000  37  47.9521
2001  37  727.923
2002  37  41.9449
2003  37  74.5053
2004  37  12.0941
2005  37  49.1693
2006  37  76.4771
2007  37  669.437
2008  37  45.1845
2009  37  118.396
2010  37  89.3505
 Total  969  4209.7

 Input and Estimated effective Discard sample sizes for fleet 1
1973  0  0
1974  0  0
1975  0  0
1976  0  0
1977  0  0
1978  0  0
1979  0  0
1980  0  0
1981  0  0
1982  0  0
1983  0  0
1984  0  0
1985  0  0
1986  0  0
1987  0  0
1988  0  0
1989  0  0
1990  0  0
1991  0  0
1992  0  0
1993  0  0
1994  0  0
1995  0  0
1996  0  0
1997  0  0
1998  0  0
1999  0  0
2000  0  0
2001  0  0
2002  0  0
2003  0  0
2004  0  0
2005  0  0
2006  0  0
2007  0  0
2008  0  0
2009  0  0
2010  0  0
 Total  0  0

Observed and predicted total fleet catch by year and standardized residual
 fleet 1 total catches
1973  14549  15306.3  -0.256205
1974  17088  18021.6  -0.26859
1975  5732  5297.67  0.397879
1976  3436  3400.09  0.0530491
1977  5223  5192.21  0.0298531
1978  8085  7923.14  0.102113
1979  9883  8823.33  0.572692
1980  8021  7390.33  0.413499
1981  6607  6552.06  0.0421642
1982  15764  16241.9  -0.150807
1983  22211  22494.8  -0.0641037
1984  11225  10912.6  0.142499
1985  4817  4607.65  0.224367
1986  4620  4520.33  0.110128
1987  2652  2466.56  0.366026
1988  2782  2586.15  0.368602
1989  8349  6507.36  1.25835
1990  17916  12404.5  1.85634
1991  6430  6651.09  -0.170703
1992  2695  2372.46  0.643664
1993  771  695.285  0.521944
1994  735  585.244  1.15047
1995  343  338.467  0.0671733
1996  759  849.854  -0.570904
1997  1222  1345.08  -0.484577
1998  1087  1247.24  -0.694359
1999  1403  1922.33  -1.59018
2000  1397  1711.47  -1.02517
2001  1449  2079.44  -1.82397
2002  945  953.641  -0.0459595
2003  666  664.833  0.00885836
2004  619  564.19  0.468151
2005  346  342.16  0.0563596
2006  396  452.953  -0.678509
2007  502  565.321  -0.599836
2008  583  624.918  -0.3506
2009  453  463.758  -0.118517
2010  291  288.773  0.0387979
Observed and predicted total fleet Discards by year and standardized residual
 fleet 1 total Discards
1973  0  0  0
1974  0  0  0
1975  0  0  0
1976  0  0  0
1977  0  0  0
1978  0  0  0
1979  0  0  0
1980  0  0  0
1981  0  0  0
1982  0  0  0
1983  0  0  0
1984  0  0  0
1985  0  0  0
1986  0  0  0
1987  0  0  0
1988  0  0  0
1989  0  0  0
1990  0  0  0
1991  0  0  0
1992  0  0  0
1993  0  0  0
1994  0  0  0
1995  0  0  0
1996  0  0  0
1997  0  0  0
1998  0  0  0
1999  0  0  0
2000  0  0  0
2001  0  0  0
2002  0  0  0
2003  0  0  0
2004  0  0  0
2005  0  0  0
2006  0  0  0
2007  0  0  0
2008  0  0  0
2009  0  0  0
2010  0  0  0

Index data
index number 1
aggregate units = 2
proportions units = 2
month = 4
starting and ending ages for selectivity = 1  6
selectivity choice = -1
 year, obs index, pred index, standardized residual
1973  45993.3  39221.3  0.732618
1974  18318.7  19530.3  -0.205122
1975  4839.41  5977.75  -0.743411
1976  5942.61  7007.87  -0.544325
1977  6925.37  7568.42  -0.235977
1978  18730.7  11983.6  1.62565
1979  5889.55  13845.4  -2.73762
1980  14774.4  14643.2  0.0392703
1981  27000.5  20444.2  0.978839
1982  43523.9  38449.9  0.436198
1983  30456.2  32238.4  -0.230963
1984  8397.88  12985.3  -1.58639
1985  6074.29  5616.89  0.224259
1986  7020.75  5478.72  1.0923
1987  1593.48  3159.41  -2.06946
1988  2035.3  4729.6  -2.41541
1989  17077.9  23731.1  -1.19754
1990  25849.5  22204.1  0.501839
1991  11510  9363.5  0.872168
1992  3741.82  2984.58  0.770238
1993  1493.45  1451.82  0.0879232
1994  529.85  1283.28  -2.35087
1995  2393.74  2023.66  0.572113
1996  3908.97  2729.55  1.05648
1997  4137.04  2669.06  1.02057
1998  6162.7  3268.1  1.9729
1999  5117.79  3251.03  1.99853
2000  4801.36  3314.92  1.34845
2001  2626.64  2577.26  0.0573778
2002  2910.49  1838.55  1.02819
2003  750.44  1402.75  -1.42779
2004  1002.58  1085.36  -0.18108
2005  1143.77  1126.9  0.0437085
2006  3334.65  2319.23  0.797488
2007  2429.57  3358.36  -1.1028
2008  2112.49  3612.1  -0.870103
2009  3367.55  4165.66  -0.681189
2010  4738.41  5048.77  -0.490085
index number 2
aggregate units = 2
proportions units = 2
month = 10
starting and ending ages for selectivity = 1  6
selectivity choice = -1
 year, obs index, pred index, standardized residual
1973  17343  18083.1  -0.0839923
1974  7069.14  5841.51  0.389908
1975  3338  4468.56  -0.526038
1976  10016.5  5295.19  1.48442
1977  5279.03  7648.14  -0.900034
1978  8912.42  10055.7  -0.345725
1979  7917.85  10127.4  -0.838402
1980  6111.82  12173  -1.54223
1981  24538.3  23600.2  0.114672
1982  35005.5  27138.9  0.529382
1983  27070.6  13752  1.68029
1984  6421.5  4969.85  0.681044
1985  1397.52  4206.07  -2.56585
1986  3102.43  2825.47  0.227023
1987  2330.01  2074.78  0.237151
1988  5754.22  12748.7  -2.34011
1989  11846.9  18757.5  -1.14008
1990  5562.57  9495.11  -1.2452
1991  2649.75  2985.92  -0.31004
1992  629.04  1124.63  -1.07896
1993  579.77  898.464  -0.98053
1994  1704.84  1178.35  0.768166
1995  1389.37  1768.14  -0.346182
1996  1066.77  1859.8  -1.03219
1997  3556.07  2098.9  1.30809
1998  3107.97  2405.5  0.532865
1999  2256.89  2284.82  -0.0192508
2000  2545.21  2140.16  0.299803
2001  1413.65  1369.41  0.059946
2002  3443.4  1031  2.309
2003  1953.92  766.457  1.57638
2004  303.12  684.429  -1.89663
2005  3025.86  1285.6  2.452
2006  4060.28  2082.56  1.65645
2007  1983.45  2232.66  -0.241928
2008  3774.11  2380.56  0.993406
2009  1949.61  2978.69  -1.31832
2010  14077.9  3182.75  2.98833

Input effective sample sizes by index (row=index, column=year)
 12 12 12 12 12 12 12 12 12 12 12 12 12 12 12 12 12 12 12 12 12 12 12 12 12 12 12 12 12 12 12 12 12 12 12 12 12 12
 12 12 12 12 12 12 12 12 12 12 12 12 12 12 12 12 12 12 12 12 12 12 12 12 12 12 12 12 12 12 12 12 12 12 12 12 12 12
Estimated effective sample sizes by index (row=index, column=year)
 117.241 144.252 48.5785 155.46 25.2392 21.541 18.6772 90.9696 14.0983 262.304 63.0565 9.35372 33.5274 76.9409 7.87846 10.4288 92.5193 5.5937 32.2809 5.53693 16.2375 4.36724 6.53619 9.57469 25.9506 8.01345 18.2883 8.66851 4.98853 3.8865 166.863 7.77344 13.1178 16.3741 86.7679 19.9187 75.9071 53.5823
 193.855 73.4541 138.419 457.332 19.0169 18.0672 26.2066 9.11978 17.3593 22.1903 24.6488 43.8296 44.3359 593.958 80.0332 126.744 9.03682 57.8791 7.96848 3.59168 5.14115 142.967 14.6461 4.81739 4.58732 38.0898 6.00199 10.4781 20.1618 46.6281 2.04539 13.0754 16.8216 77.6266 11.2822 71.2648 35.8417 27.8127

Index proportions at age by index
 Index number 1
Year 1973 Obs  =  0.0198451 0.120089 0.328147 0.184446 0.143075 0.204398
Year 1973 Pred =  0.00898436 0.118915 0.343948 0.240309 0.138608 0.149235
Year 1974 Obs  =  0.0323298 0.136895 0.16135 0.31115 0.189779 0.168497
Year 1974 Pred =  0.00721028 0.181411 0.131173 0.324024 0.159399 0.196782
Year 1975 Obs  =  0.0856282 0.312654 0.0932841 0.120837 0.216884 0.170713
Year 1975 Pred =  0.0651201 0.237587 0.181504 0.109527 0.190405 0.215856
Year 1976 Obs  =  0.00317032 0.723716 0.0976154 0.0468649 0.0445141 0.0841196
Year 1976 Pred =  0.0279635 0.681867 0.0979113 0.0630557 0.0267839 0.102418
Year 1977 Obs  =  0.219988 0.235979 0.416121 0.038011 0.0237893 0.066112
Year 1977 Pred =  0.0874127 0.319509 0.457241 0.0562238 0.0254956 0.0541182
Year 1978 Obs  =  0.163612 0.634234 0.112641 0.0480981 0.0156262 0.0257877
Year 1978 Pred =  0.0475994 0.689635 0.108384 0.127241 0.0110154 0.0161246
Year 1979 Obs  =  0.166619 0.492719 0.26245 0.0472567 0.0205789 0.010376
Year 1979 Pred =  0.0360699 0.541909 0.365877 0.0295061 0.0218317 0.00480619
Year 1980 Obs  =  0.0450794 0.441312 0.299064 0.188574 0.0185713 0.00739997
Year 1980 Pred =  0.0483604 0.465322 0.348102 0.125815 0.00644339 0.00595757
Year 1981 Obs  =  0.0314469 0.676331 0.175683 0.0906099 0.0217581 0.00417067
Year 1981 Pred =  0.0882711 0.490879 0.267694 0.121582 0.0286635 0.00290979
Year 1982 Obs  =  0.00781571 0.688143 0.223391 0.0560099 0.0183577 0.00628276
Year 1982 Pred =  0.0198447 0.653152 0.217336 0.0792517 0.0240341 0.0063815
Year 1983 Obs  =  0.00217755 0.355656 0.589323 0.0400614 0.0115651 0.00121683
Year 1983 Pred =  0.00549356 0.311077 0.538821 0.108512 0.0259081 0.0101889
Year 1984 Obs  =  0.00932379 0.110034 0.218891 0.530741 0.0806514 0.0503592
Year 1984 Pred =  0.0174855 0.167282 0.405004 0.350642 0.0444224 0.0151633
Year 1985 Obs  =  0.0734474 0.443816 0.111607 0.132179 0.196384 0.042568
Year 1985 Pred =  0.0533079 0.493466 0.173952 0.173285 0.0902591 0.0157304
Year 1986 Obs  =  0.00387138 0.688603 0.217933 0.056306 0.0295353 0.00375174
Year 1986 Pred =  0.012695 0.630032 0.272487 0.042799 0.0258215 0.0161655
Year 1987 Obs  =  0 0.0906324 0.73468 0.174688 0 0
Year 1987 Pred =  0.0457148 0.24135 0.492598 0.180279 0.0199431 0.0201144
Year 1988 Obs  =  0.197465 0.292743 0.102191 0.142559 0.241389 0.0236525
Year 1988 Pred =  0.323152 0.394771 0.0861522 0.148792 0.0383523 0.00878039
Year 1989 Obs  =  0.0134577 0.932524 0.0446138 0.00940397 0 0
Year 1989 Pred =  0.0177016 0.892817 0.0645677 0.00954169 0.0116064 0.00376579
Year 1990 Obs  =  0.00491306 0.0266775 0.843523 0.121401 0.00348479 0
Year 1990 Pred =  0.00459839 0.250323 0.718029 0.0238338 0.00121253 0.00200308
Year 1991 Obs  =  0.0301034 0.0733666 0.309697 0.512925 0.0664961 0.00741182
Year 1991 Pred =  0.00323306 0.144405 0.38958 0.459179 0.00316217 0.000440571
Year 1992 Obs  =  0.00879786 0.0226467 0.255114 0.713442 0 0
Year 1992 Pred =  0.00885575 0.138139 0.327441 0.408282 0.116349 0.000933909
Year 1993 Obs  =  0.0181995 0.283464 0.125388 0.493836 0.0791121 0
Year 1993 Pred =  0.0253805 0.260921 0.239876 0.320333 0.118685 0.0348038
Year 1994 Obs  =  0 0.721072 0.0439936 0 0.183448 0.0514863
Year 1994 Pred =  0.0640546 0.417297 0.244688 0.145752 0.0859795 0.0422293
Year 1995 Obs  =  0.0110037 0.815832 0.0476576 0.0643512 0.0130507 0.0481046
Year 1995 Pred =  0.0332886 0.613628 0.253172 0.0656815 0.0179837 0.0162466
Year 1996 Obs  =  0 0.16995 0.557214 0.242165 0.0306704 0
Year 1996 Pred =  0.0204385 0.372117 0.463469 0.116882 0.0176313 0.00946264
Year 1997 Obs  =  0.0212567 0.357553 0.462065 0.132015 0.0271112 0
Year 1997 Pred =  0.0486414 0.310089 0.353729 0.244697 0.0346025 0.00824091
Year 1998 Obs  =  0.0184075 0.817895 0.104595 0.0436838 0.00984633 0.00557223
Year 1998 Pred =  0.0231622 0.588306 0.224033 0.117428 0.0399124 0.0071586
Year 1999 Obs  =  0.0115812 0.21242 0.630265 0.113956 0.0242937 0.00748371
Year 1999 Pred =  0.0344002 0.342508 0.50544 0.0863844 0.0221706 0.00909693
Year 2000 Obs  =  0.00668352 0.403184 0.516162 0.0684848 0.00548595 0
Year 2000 Pred =  0.0167301 0.498191 0.287644 0.178104 0.0140952 0.00523599
Year 2001 Obs  =  0 0.0440601 0.736538 0.152541 0.0522797 0.0145814
Year 2001 Pred =  0.0175077 0.312021 0.506915 0.122916 0.0365687 0.00407193
Year 2002 Obs  =  0.0280158 0.683831 0.135028 0.114726 0.0383989 0
Year 2002 Pred =  0.0101527 0.362394 0.378043 0.220044 0.0219465 0.00742045
Year 2003 Obs  =  0.0688254 0.167473 0.452382 0.239083 0.0722367 0
Year 2003 Pred =  0.0142337 0.196496 0.453369 0.252814 0.0730845 0.010003
Year 2004 Obs  =  0.0271103 0.226578 0.486959 0.137058 0.090288 0.0320077
Year 2004 Pred =  0.027165 0.271241 0.244962 0.326026 0.0977431 0.0328623
Year 2005 Obs  =  0.214711 0.300087 0.141208 0.0984027 0.222562 0.0230291
Year 2005 Pred =  0.0874876 0.389601 0.259872 0.133493 0.0918229 0.037723
Year 2006 Obs  =  0.0251601 0.793738 0.112273 0.0530311 0 0.0157978
Year 2006 Pred =  0.0365595 0.636512 0.19611 0.0827684 0.0240739 0.0239762
Year 2007 Obs  =  0 0.396358 0.543565 0.0600765 0 0
Year 2007 Pred =  0.0108777 0.381757 0.474368 0.0959444 0.0231849 0.0138673
Year 2008 Obs  =  0 0.0393185 0.541915 0.379794 0.038973 0
Year 2008 Pred =  0.0228818 0.15413 0.401068 0.359392 0.0447606 0.0177678
Year 2009 Obs  =  0.0394994 0.241036 0.218994 0.335979 0.152724 0.0117682
Year 2009 Pred =  0.0230263 0.304301 0.155994 0.308624 0.176536 0.0315177
Year 2010 Obs  =  0.028606 0.317117 0.357211 0.128131 0.157784 0.0111508
Year 2010 Pred =  0.0067639 0.293005 0.301848 0.123917 0.162402 0.112064
 Index number 2
Year 1973 Obs  =  0.119324 0.150538 0.340303 0.18644 0.132132 0.071264
Year 1973 Pred =  0.13646 0.160253 0.30652 0.178958 0.104207 0.113601
Year 1974 Obs  =  0.143825 0.226914 0.0805289 0.316983 0.134204 0.0975437
Year 1974 Pred =  0.158418 0.238535 0.112313 0.231761 0.1151 0.143874
Year 1975 Obs  =  0.571739 0.157148 0.0579031 0.0870644 0.0831009 0.0430439
Year 1975 Pred =  0.588344 0.152185 0.076211 0.0384229 0.0674331 0.0774044
Year 1976 Obs  =  0.274768 0.58828 0.048958 0.00646431 0.0102111 0.071319
Year 1976 Pred =  0.26098 0.589681 0.0560902 0.0301862 0.0129444 0.050118
Year 1977 Obs  =  0.510178 0.324685 0.127419 0.00740478 0.0063383 0.0239741
Year 1977 Pred =  0.599992 0.183402 0.173164 0.0177921 0.00814509 0.0175058
Year 1978 Obs  =  0.277989 0.637789 0.0395617 0.0315021 0.00320452 0.00995354
Year 1978 Pred =  0.404604 0.513422 0.038872 0.0354189 0.00309553 0.00458809
Year 1979 Obs  =  0.224595 0.493926 0.237504 0.0361866 0.0039531 0.00383438
Year 1979 Pred =  0.352254 0.471907 0.156947 0.00987331 0.00737503 0.00164394
Year 1980 Obs  =  0.224752 0.566796 0.147518 0.0609345 0 0
Year 1980 Pred =  0.417766 0.381901 0.152258 0.0437007 0.00225942 0.00211524
Year 1981 Obs  =  0.456806 0.461127 0.0657022 0.00959521 0.00556436 0.00120465
Year 1981 Pred =  0.551681 0.308064 0.0959017 0.0351326 0.00836171 0.000859477
Year 1982 Obs  =  0.0807355 0.712466 0.175838 0.0214155 0.00954477 0
Year 1982 Pred =  0.202059 0.637535 0.114324 0.0331892 0.0101611 0.00273177
Year 1983 Obs  =  0.098224 0.584359 0.290064 0.0240021 0.00198149 0.00136901
Year 1983 Pred =  0.0918227 0.453391 0.376254 0.058737 0.0141578 0.00563765
Year 1984 Obs  =  0.315164 0.278223 0.333711 0.0729019 0 0
Year 1984 Pred =  0.322877 0.242338 0.246537 0.160608 0.0205414 0.00709953
Year 1985 Obs  =  0.58855 0.297584 0.075863 0.038003 0 0
Year 1985 Pred =  0.503773 0.371669 0.0561408 0.0422684 0.0222265 0.00392218
Year 1986 Obs  =  0.173763 0.602503 0.169521 0.0486617 0.00555047 0
Year 1986 Pred =  0.168469 0.612028 0.173943 0.0228348 0.0139082 0.00881627
Year 1987 Obs  =  0.498792 0.24245 0.211192 0.0194377 0.0163604 0.0117682
Year 1987 Pred =  0.476411 0.184099 0.246914 0.0755268 0.00843479 0.0086138
Year 1988 Obs  =  0.872351 0.0634683 0.0281498 0.0281116 0.00263981 0.00527961
Year 1988 Pred =  0.855032 0.102006 0.014783 0.0213391 0.00555284 0.00128719
Year 1989 Obs  =  0.00190176 0.863039 0.119851 0.0142636 0.000944549 0
Year 1989 Pred =  0.160805 0.799359 0.0331506 0.00254071 0.00311999 0.00102499
Year 1990 Obs  =  0.0049042 0.351089 0.596556 0.047451 0 0
Year 1990 Pred =  0.0763783 0.369825 0.546168 0.00670821 0.000344534 0.000576292
Year 1991 Obs  =  0.20822 0.0898802 0.566416 0.135484 0 0
Year 1991 Pred =  0.0722485 0.296069 0.424858 0.205196 0.00142658 0.00020125
Year 1992 Obs  =  0.305953 0.0435895 0.130785 0.519673 0 0
Year 1992 Pred =  0.168218 0.251018 0.330684 0.193856 0.0557708 0.000453269
Year 1993 Obs  =  0.559584 0.0470531 0.218863 0.1745 0 0
Year 1993 Pred =  0.296058 0.315511 0.175401 0.143445 0.0536543 0.015931
Year 1994 Obs  =  0.496639 0.300738 0.0720595 0.0782009 0.0355928 0.0167699
Year 1994 Pred =  0.507134 0.340875 0.0889561 0.0333218 0.0198442 0.00986871
Year 1995 Obs  =  0.114922 0.533324 0.212714 0.0954239 0 0.0436166
Year 1995 Pred =  0.277425 0.557277 0.127958 0.0244172 0.00674927 0.00617373
Year 1996 Obs  =  0.482733 0.173197 0.34407 0 0 0
Year 1996 Pred =  0.21837 0.429612 0.287686 0.0520885 0.00793241 0.00431063
Year 1997 Obs  =  0.265647 0.167671 0.471445 0.0875939 0.00764327 0
Year 1997 Pred =  0.449882 0.30053 0.16256 0.0739294 0.0105541 0.00254505
Year 1998 Obs  =  0.328991 0.598934 0.0456372 0.0179634 0 0.00847493
Year 1998 Pred =  0.228869 0.608654 0.109546 0.0376621 0.0129231 0.00234689
Year 1999 Obs  =  0.630119 0.199403 0.142041 0.0142187 0.0142187 0
Year 1999 Pred =  0.35586 0.366192 0.242196 0.0261587 0.00677773 0.00281584
Year 2000 Obs  =  0.0222849 0.753349 0.13677 0.0772468 0 0.0103488
Year 2000 Pred =  0.188445 0.584972 0.156789 0.0628807 0.00502392 0.00188963
Year 2001 Obs  =  0.317228 0.496389 0.128702 0.0576805 0 0
Year 2001 Pred =  0.239359 0.428904 0.279023 0.0395091 0.0118666 0.0013379
Year 2002 Obs  =  0.0845937 0.583246 0.285288 0.0468723 0 0
Year 2002 Pred =  0.130638 0.491063 0.263162 0.101428 0.0102127 0.00349632
Year 2003 Obs  =  0.687923 0.00486205 0.157919 0.134709 0 0.0145861
Year 2003 Pred =  0.188412 0.278854 0.350797 0.13656 0.0398541 0.00552313
Year 2004 Obs  =  0.26624 0.371086 0 0.0871631 0.181485 0.0940253
Year 2004 Pred =  0.3112 0.33018 0.157834 0.142837 0.0432314 0.014717
Year 2005 Obs  =  0.716918 0.176092 0.0703533 0.0184575 0.0181799 0
Year 2005 Pred =  0.555514 0.268333 0.101459 0.0376621 0.0261531 0.0108789
Year 2006 Obs  =  0.337416 0.608829 0.0483145 0.00544052 0 0
Year 2006 Pred =  0.295027 0.558552 0.0983709 0.0302254 0.00887523 0.00894996
Year 2007 Obs  =  0.129778 0.648543 0.206362 0 0.0153167 0
Year 2007 Pred =  0.118823 0.460971 0.345817 0.0534516 0.0130398 0.00789706
Year 2008 Obs  =  0.324301 0.119845 0.326725 0.2036 0.0179777 0.00755143
Year 2008 Pred =  0.252405 0.18947 0.305811 0.214503 0.0269704 0.0108401
Year 2009 Obs  =  0.224905 0.371765 0.222819 0.167508 0.0130026 0
Year 2009 Pred =  0.234363 0.348052 0.113792 0.180629 0.104308 0.0188558
Year 2010 Obs  =  0.0302032 0.463575 0.255527 0.184468 0.0662268 0
Year 2010 Pred =  0.0781599 0.383115 0.257556 0.08658 0.114553 0.0800365

Index Selectivity at Age
 0.0174153 0.398454 0.690013 1 1 1
 0.292231 0.735984 0.834288 1 1 1

Deviations section: only applicable if associated lambda > 0
Nyear1 observed, expected, standardized residual
N/A

Fleet Obs, Initial, and Stadardized Residual for Fmult
N/A

Standardized Residuals for Fmult_devs by fleet and year
N/A

Index Obs, Initial, and Standardized Residual for q_year1
N/A

Standardized Residuals for catchability deviations by index and year
N/A

Obs, Initial, and Stadardized Residual for SR steepness
N/A

Obs, Initial, and Stadardized Residual for SR scaler
N/A

End of Deviations Section

Selectivity by age and year for each fleet
 fleet 1 selectivity at age
 0.134348 0.966721 0.999335 1 1 1
 0.134348 0.966721 0.999335 1 1 1
 0.134348 0.966721 0.999335 1 1 1
 0.134348 0.966721 0.999335 1 1 1
 0.134348 0.966721 0.999335 1 1 1
 0.0320761 0.415717 0.892002 1 1 1
 0.0320761 0.415717 0.892002 1 1 1
 0.0320761 0.415717 0.892002 1 1 1
 0.0320761 0.415717 0.892002 1 1 1
 0.0320761 0.415717 0.892002 1 1 1
 0.0320761 0.415717 0.892002 1 1 1
 0.0320761 0.415717 0.892002 1 1 1
 0.0320761 0.415717 0.892002 1 1 1
 0.121345 0.969108 0.999997 1 1 1
 0.121345 0.969108 0.999997 1 1 1
 0.121345 0.969108 0.999997 1 1 1
 0.0194119 0.203014 0.395867 1 1 1
 0.0194119 0.203014 0.395867 1 1 1
 0.0194119 0.203014 0.395867 1 1 1
 0.0194119 0.203014 0.395867 1 1 1
 0.0194119 0.203014 0.395867 1 1 1
 0.00370679 0.128935 0.641014 1 1 1
 0.00370679 0.128935 0.641014 1 1 1
 0.00370679 0.128935 0.641014 1 1 1
 0.00370679 0.128935 0.641014 1 1 1
 0.00370679 0.128935 0.641014 1 1 1
 0.00370679 0.128935 0.641014 1 1 1
 0.00370679 0.128935 0.641014 1 1 1
 0.00370679 0.128935 0.641014 1 1 1
 0.0178593 0.152642 0.601521 1 1 1
 0.0178593 0.152642 0.601521 1 1 1
 0.0178593 0.152642 0.601521 1 1 1
 0.0178593 0.152642 0.601521 1 1 1
 0.0178593 0.152642 0.601521 1 1 1
 0.0178593 0.152642 0.601521 1 1 1
 0.0178593 0.152642 0.601521 1 1 1
 0.0178593 0.152642 0.601521 1 1 1
 0.0178593 0.152642 0.601521 1 1 1

Fmult by year for each fleet
1973   0.600984
1974   1.54713
1975   1.13995
1976   0.496693
1977   0.743173
1978   1.37144
1979   1.27791
1980   0.947358
1981   0.658771
1982   0.90054
1983   1.39447
1984   1.94541
1985   1.86324
1986   1.04381
1987   1.04405
1988   0.36379
1989   1.5798
1990   2.6975
1991   2.35973
1992   1.90465
1993   1.02955
1994   1.58495
1995   0.711977
1996   0.846726
1997   1.3374
1998   1.3502
1999   1.55757
2000   1.42031
2001   1.99759
2002   1.16881
2003   0.90356
2004   1.03566
2005   0.730228
2006   0.692952
2007   0.449459
2008   0.32904
2009   0.205094
2010   0.102836

Directed F by age and year for each fleet
 fleet 1 directed F at age
 0.0807411 0.580984 0.600584 0.600984 0.600984 0.600984
 0.207854 1.49564 1.5461 1.54713 1.54713 1.54713
 0.15315 1.10201 1.13919 1.13995 1.13995 1.13995
 0.0667298 0.480164 0.496363 0.496693 0.496693 0.496693
 0.099844 0.718441 0.742679 0.743173 0.743173 0.743173
 0.0439903 0.57013 1.22332 1.37144 1.37144 1.37144
 0.0409902 0.531247 1.13989 1.27791 1.27791 1.27791
 0.0303875 0.393833 0.845045 0.947358 0.947358 0.947358
 0.0211308 0.273863 0.587625 0.658771 0.658771 0.658771
 0.0288858 0.37437 0.803283 0.90054 0.90054 0.90054
 0.0447291 0.579705 1.24387 1.39447 1.39447 1.39447
 0.0624011 0.808741 1.73531 1.94541 1.94541 1.94541
 0.0597656 0.774583 1.66202 1.86324 1.86324 1.86324
 0.12666 1.01156 1.0438 1.04381 1.04381 1.04381
 0.12669 1.0118 1.04405 1.04405 1.04405 1.04405
 0.0441439 0.352551 0.363788 0.36379 0.36379 0.36379
 0.030667 0.320722 0.62539 1.5798 1.5798 1.5798
 0.0523637 0.547631 1.06785 2.6975 2.6975 2.6975
 0.0458069 0.479058 0.934138 2.35973 2.35973 2.35973
 0.036973 0.386671 0.753988 1.90465 1.90465 1.90465
 0.0199856 0.209014 0.407566 1.02955 1.02955 1.02955
 0.00587507 0.204355 1.01597 1.58495 1.58495 1.58495
 0.00263915 0.0917987 0.456387 0.711977 0.711977 0.711977
 0.00313864 0.109173 0.542763 0.846726 0.846726 0.846726
 0.00495746 0.172438 0.857292 1.3374 1.3374 1.3374
 0.00500492 0.174088 0.865498 1.3502 1.3502 1.3502
 0.00577361 0.200826 0.998427 1.55757 1.55757 1.55757
 0.00526479 0.183127 0.910437 1.42031 1.42031 1.42031
 0.00740465 0.257559 1.28048 1.99759 1.99759 1.99759
 0.0208742 0.178409 0.703065 1.16881 1.16881 1.16881
 0.016137 0.137921 0.54351 0.90356 0.90356 0.90356
 0.0184963 0.158085 0.622974 1.03566 1.03566 1.03566
 0.0130414 0.111463 0.439248 0.730228 0.730228 0.730228
 0.0123757 0.105773 0.416825 0.692952 0.692952 0.692952
 0.00802704 0.0686062 0.270359 0.449459 0.449459 0.449459
 0.00587643 0.0502252 0.197924 0.32904 0.32904 0.32904
 0.00366283 0.0313058 0.123368 0.205094 0.205094 0.205094
 0.00183658 0.0156971 0.0618581 0.102836 0.102836 0.102836
Discard F by age and year for each fleet
 fleet 1 Discard F at age
 0 0 0 0 0 0
 0 0 0 0 0 0
 0 0 0 0 0 0
 0 0 0 0 0 0
 0 0 0 0 0 0
 0 0 0 0 0 0
 0 0 0 0 0 0
 0 0 0 0 0 0
 0 0 0 0 0 0
 0 0 0 0 0 0
 0 0 0 0 0 0
 0 0 0 0 0 0
 0 0 0 0 0 0
 0 0 0 0 0 0
 0 0 0 0 0 0
 0 0 0 0 0 0
 0 0 0 0 0 0
 0 0 0 0 0 0
 0 0 0 0 0 0
 0 0 0 0 0 0
 0 0 0 0 0 0
 0 0 0 0 0 0
 0 0 0 0 0 0
 0 0 0 0 0 0
 0 0 0 0 0 0
 0 0 0 0 0 0
 0 0 0 0 0 0
 0 0 0 0 0 0
 0 0 0 0 0 0
 0 0 0 0 0 0
 0 0 0 0 0 0
 0 0 0 0 0 0
 0 0 0 0 0 0
 0 0 0 0 0 0
 0 0 0 0 0 0
 0 0 0 0 0 0
 0 0 0 0 0 0
 0 0 0 0 0 0
Total F
 0.0807411 0.580984 0.600584 0.600984 0.600984 0.600984
 0.207854 1.49564 1.5461 1.54713 1.54713 1.54713
 0.15315 1.10201 1.13919 1.13995 1.13995 1.13995
 0.0667298 0.480164 0.496363 0.496693 0.496693 0.496693
 0.099844 0.718441 0.742679 0.743173 0.743173 0.743173
 0.0439903 0.57013 1.22332 1.37144 1.37144 1.37144
 0.0409902 0.531247 1.13989 1.27791 1.27791 1.27791
 0.0303875 0.393833 0.845045 0.947358 0.947358 0.947358
 0.0211308 0.273863 0.587625 0.658771 0.658771 0.658771
 0.0288858 0.37437 0.803283 0.90054 0.90054 0.90054
 0.0447291 0.579705 1.24387 1.39447 1.39447 1.39447
 0.0624011 0.808741 1.73531 1.94541 1.94541 1.94541
 0.0597656 0.774583 1.66202 1.86324 1.86324 1.86324
 0.12666 1.01156 1.0438 1.04381 1.04381 1.04381
 0.12669 1.0118 1.04405 1.04405 1.04405 1.04405
 0.0441439 0.352551 0.363788 0.36379 0.36379 0.36379
 0.030667 0.320722 0.62539 1.5798 1.5798 1.5798
 0.0523637 0.547631 1.06785 2.6975 2.6975 2.6975
 0.0458069 0.479058 0.934138 2.35973 2.35973 2.35973
 0.036973 0.386671 0.753988 1.90465 1.90465 1.90465
 0.0199856 0.209014 0.407566 1.02955 1.02955 1.02955
 0.00587507 0.204355 1.01597 1.58495 1.58495 1.58495
 0.00263915 0.0917987 0.456387 0.711977 0.711977 0.711977
 0.00313864 0.109173 0.542763 0.846726 0.846726 0.846726
 0.00495746 0.172438 0.857292 1.3374 1.3374 1.3374
 0.00500492 0.174088 0.865498 1.3502 1.3502 1.3502
 0.00577361 0.200826 0.998427 1.55757 1.55757 1.55757
 0.00526479 0.183127 0.910437 1.42031 1.42031 1.42031
 0.00740465 0.257559 1.28048 1.99759 1.99759 1.99759
 0.0208742 0.178409 0.703065 1.16881 1.16881 1.16881
 0.016137 0.137921 0.54351 0.90356 0.90356 0.90356
 0.0184963 0.158085 0.622974 1.03566 1.03566 1.03566
 0.0130414 0.111463 0.439248 0.730228 0.730228 0.730228
 0.0123757 0.105773 0.416825 0.692952 0.692952 0.692952
 0.00802704 0.0686062 0.270359 0.449459 0.449459 0.449459
 0.00587643 0.0502252 0.197924 0.32904 0.32904 0.32904
 0.00366283 0.0313058 0.123368 0.205094 0.205094 0.205094
 0.00183658 0.0156971 0.0618581 0.102836 0.102836 0.102836

Average F for ages 4 to 5
Freport unweighted in .std and MCMC files
year    unweighted   Nweighted    Bweighted
1973  0.600984  0.600984  0.600984
1974  1.54713  1.54713  1.54713
1975  1.13995  1.13995  1.13995
1976  0.496693  0.496693  0.496693
1977  0.743173  0.743173  0.743173
1978  1.37144  1.37144  1.37144
1979  1.27791  1.27791  1.27791
1980  0.947358  0.947358  0.947358
1981  0.658771  0.658771  0.658771
1982  0.90054  0.90054  0.90054
1983  1.39447  1.39447  1.39447
1984  1.94541  1.94541  1.94541
1985  1.86324  1.86324  1.86324
1986  1.04381  1.04381  1.04381
1987  1.04405  1.04405  1.04405
1988  0.36379  0.36379  0.36379
1989  1.5798  1.5798  1.5798
1990  2.6975  2.6975  2.6975
1991  2.35973  2.35973  2.35973
1992  1.90465  1.90465  1.90465
1993  1.02955  1.02955  1.02955
1994  1.58495  1.58495  1.58495
1995  0.711977  0.711977  0.711977
1996  0.846726  0.846726  0.846726
1997  1.3374  1.3374  1.3374
1998  1.3502  1.3502  1.3502
1999  1.55757  1.55757  1.55757
2000  1.42031  1.42031  1.42031
2001  1.99759  1.99759  1.99759
2002  1.16881  1.16881  1.16881
2003  0.90356  0.90356  0.90356
2004  1.03566  1.03566  1.03566
2005  0.730228  0.730228  0.730228
2006  0.692952  0.692952  0.692952
2007  0.449459  0.449459  0.449459
2008  0.32904  0.32904  0.32904
2009  0.205094  0.205094  0.205094
2010  0.102836  0.102836  0.102836

Population Numbers at the Start of the Year
 37225.8 23986.5 39859.2 19117.3 10974.5 11742.5
 15356.7 22902.8 9587.95 16261 7961.45 9767.63
 41874.4 8320.28 3667.89 1519.54 2629.09 2962.02
 20629.6 23963.3 1975.23 873.216 369.154 1402.84
 70224.5 12871.2 10594.8 894.331 403.626 851.442
 59708.3 42387.5 4484.17 3749.73 323.081 469.999
 52236 38110.1 17128.1 981.406 722.705 158.114
 73874.5 33441 16010.3 4074.83 207.697 190.845
 187824 47797.8 16118.2 5115.05 1200.18 121.081
 79569.2 122655 25974.6 6661.36 2010.57 530.531
 18541.8 51559.8 60280.3 8652.38 2056.04 803.568
 23876.5 11826 20636 12924.6 1629.65 552.819
 31466.2 14961.7 3764.28 2706.69 1403.16 243.026
 7432.48 19769.7 4927.89 531.284 319.015 198.48
 15434.2 4367.53 5137.6 1290.6 142.094 142.425
 159990 9069.33 1134.73 1345.19 345.092 78.515
 43825.6 102101 4555.56 586.613 710.169 228.99
 10710.1 28347.9 52944.5 1812.95 91.7959 150.704
 3170.25 6778.93 11715.6 13536.5 92.7786 12.8462
 2761.8 2019.81 3000.45 3423.91 971.094 7.74641
 3834 1775.19 980.525 1049.98 387.179 112.834
 8522.72 2506.59 1029.32 485.181 284.853 139.039
 6978.9 5651.16 1460.19 277.183 75.5334 67.814
 5780.26 4642.49 3684.23 688.102 103.306 55.1001
 13457.7 3843.22 2974.51 1592.49 224.127 53.0466
 7846.7 8931.58 2311.45 938.744 317.556 56.6027
 11595.2 5207.44 5362.9 723.521 184.812 75.3606
 5749.25 7689.19 3044.27 1469.73 115.764 42.7363
 4680.15 3814.48 4575.37 911.034 269.758 29.8512
 1942.64 3098.53 2106.96 945.734 93.8777 31.5445
 2075.48 1268.93 1852.46 775.832 223.218 30.3621
 3066.61 1362.14 789.981 800.12 238.74 79.7689
 10240.4 2007.88 831.079 315.146 215.745 88.0831
 8805.54 6741.6 1283.53 398.408 115.331 114.15
 3789.7 5800.86 4334.14 629.26 151.339 89.9572
 8569.52 2507.43 3870.56 2460.01 304.931 120.292
 9939.71 5682.18 1704.1 2361.92 1344.64 238.574
 3537.13 6605.32 3935.47 1120.38 1461.38 1002.16

Biomass Time Series
Year, TotJan1B, SSB, ExploitableB
1973  41704.1  22736  38143.7
1974  25245.9  9635.66  25009.1
1975  14115.8  3139.95  8153.99
1976  12395.9  3873.61  9856.97
1977  20934.4  4352.2  10703
1978  26604.4  5945.16  9657.56
1979  24709.4  7420.22  11644
1980  28722.1  8091.76  12234.2
1981  38161.9  10272.9  14185.1
1982  52472.6  18653.7  27258.8
1983  38795.3  17374.8  30249.7
1984  17634.6  5714.91  12905.8
1985  10701.1  2442.77  4986.72
1986  7605.17  2601.15  7800.69
1987  6738.15  1683.28  4095.67
1988  51923.4  2175.18  9204.82
1989  28221.8  9497.82  6053.06
1990  19669.1  10231.6  8441.08
1991  9318.8  4113.79  6852.24
1992  3085.8  1631.74  2725.92
1993  1760.74  930.026  1111.35
1994  1576.79  588.065  705.066
1995  1585.76  865.774  669.839
1996  2513.99  1586.29  1489.43
1997  3818.94  1470.69  1800.1
1998  4010.61  1688.82  1563.82
1999  4505.78  2001.77  2235.16
2000  4266.72  2005.27  2122.49
2001  3761.78  1659.71  2134.11
2002  2295.09  1251.54  1355.14
2003  1644.82  1021.32  1157.98
2004  1380.25  704.746  910.476
2005  1703.06  681.801  684.379
2006  2460.49  1140.66  912.202
2007  3001.46  2015.38  1658.26
2008  3927.25  2447.84  2466.92
2009  4266.88  2788.72  2812.01
2010  4638.57  3681.21  3337.08

q by index
 index 1 q over time
1973  0.613726
1974  0.613726
1975  0.613726
1976  0.613726
1977  0.613726
1978  0.613726
1979  0.613726
1980  0.613726
1981  0.613726
1982  0.613726
1983  0.613726
1984  0.613726
1985  0.613726
1986  0.613726
1987  0.613726
1988  0.613726
1989  0.613726
1990  0.613726
1991  0.613726
1992  0.613726
1993  0.613726
1994  0.613726
1995  0.613726
1996  0.613726
1997  0.613726
1998  0.613726
1999  0.613726
2000  0.613726
2001  0.613726
2002  0.613726
2003  0.613726
2004  0.613726
2005  0.613726
2006  0.613726
2007  0.613726
2008  0.613726
2009  0.613726
2010  0.613726
 index 2 q over time
1973  0.326531
1974  0.326531
1975  0.326531
1976  0.326531
1977  0.326531
1978  0.326531
1979  0.326531
1980  0.326531
1981  0.326531
1982  0.326531
1983  0.326531
1984  0.326531
1985  0.326531
1986  0.326531
1987  0.326531
1988  0.326531
1989  0.326531
1990  0.326531
1991  0.326531
1992  0.326531
1993  0.326531
1994  0.326531
1995  0.326531
1996  0.326531
1997  0.326531
1998  0.326531
1999  0.326531
2000  0.326531
2001  0.326531
2002  0.326531
2003  0.326531
2004  0.326531
2005  0.326531
2006  0.326531
2007  0.326531
2008  0.326531
2009  0.326531
2010  0.326531

Proportions of catch at age by fleet
 fleet 1
Year 1 Obs  =  0.00545691 0.144785 0.320763 0.216458 0.14188 0.170658
Year 1 Pred =  0.0538826 0.206466 0.357758 0.17322 0.100251 0.108423
Year 2 Obs  =  0.0169397 0.555763 0.117739 0.158347 0.0792596 0.0719506
Year 2 Pred =  0.0484977 0.319189 0.13762 0.23522 0.115947 0.143526
Year 3 Obs  =  0.444401 0.220404 0.104175 0.0624274 0.0883052 0.0802875
Year 3 Pred =  0.300125 0.296943 0.135467 0.0565982 0.0986476 0.112219
Year 4 Obs  =  0.0209783 0.66913 0.128152 0.0355435 0.0488043 0.0973913
Year 4 Pred =  0.103872 0.744391 0.0640861 0.0286066 0.0121944 0.0468496
Year 5 Obs  =  0.309764 0.296172 0.304651 0.0316124 0.0173338 0.0404664
Year 5 Pred =  0.321478 0.33369 0.285799 0.0243477 0.011076 0.0236097
Year 6 Obs  =  0.312325 0.525768 0.0862784 0.0586358 0.00985241 0.00714001
Year 6 Pred =  0.0885737 0.665233 0.118051 0.105539 0.00915743 0.0134453
Year 7 Obs  =  0.00653549 0.632045 0.304111 0.0373155 0.01539 0.00460295
Year 7 Pred =  0.0643581 0.504369 0.386072 0.0237212 0.0175936 0.00388553
Year 8 Obs  =  0.0423678 0.445853 0.303951 0.176525 0.0236043 0.00769905
Year 8 Pred =  0.0839283 0.431065 0.372093 0.10274 0.00527679 0.00489756
Year 9 Obs  =  0.00184512 0.359635 0.409508 0.158789 0.060292 0.00993108
Year 9 Pred =  0.146348 0.443805 0.284806 0.0991872 0.0234612 0.00239212
Year 10 Obs  =  0.00311582 0.669013 0.28135 0.0366404 0.00818395 0.00169595
Year 10 Pred =  0.0356669 0.628747 0.24211 0.0674802 0.0205245 0.00547096
Year 11 Obs  =  0.0355781 0.277899 0.624782 0.0532119 0.00569072 0.00283797
Year 11 Pred =  0.0100714 0.295185 0.576783 0.0884477 0.0211649 0.00834833
Year 12 Obs  =  0.0132301 0.165658 0.560028 0.2286 0.024715 0.00776918
Year 12 Pred =  0.0349893 0.167436 0.450282 0.296761 0.0376529 0.0128785
Year 13 Obs  =  0.132837 0.507877 0.142054 0.128653 0.0724979 0.0160816
Year 13 Pred =  0.103005 0.479255 0.187935 0.142486 0.0743363 0.0129832
Year 14 Obs  =  0.0290806 0.662706 0.229467 0.0438627 0.0245907 0.0102922
Year 14 Pred =  0.0481677 0.724563 0.186932 0.0203202 0.0122931 0.00772404
Year 15 Obs  =  0.175854 0.39439 0.288537 0.112927 0.0203659 0.00792683
Year 15 Pred =  0.194099 0.310595 0.378148 0.0957793 0.0106244 0.0107546
Year 16 Obs  =  0.621881 0.236617 0.0627855 0.0592714 0.0156964 0.00374839
Year 16 Pred =  0.648038 0.263239 0.0344227 0.0411913 0.0106574 0.00245207
Year 17 Obs  =  0.000990723 0.834009 0.142484 0.0202198 0.00216158 0.000135099
Year 17 Pred =  0.0388274 0.85555 0.0663414 0.0150198 0.0183062 0.00595526
Year 18 Obs  =  0.00388127 0.0424697 0.903484 0.048056 0.00199672 0.000112176
Year 18 Pred =  0.010374 0.237591 0.711194 0.035981 0.00183166 0.00302844
Year 19 Obs  =  0.0244617 0.0899774 0.298054 0.57427 0.0101263 0.00311108
Year 19 Pred =  0.00585171 0.111172 0.315195 0.563356 0.00388349 0.0005418
Year 20 Obs  =  0.063631 0.198457 0.295016 0.396618 0.0436072 0.00266983
Year 20 Pred =  0.0151263 0.101915 0.256697 0.486337 0.138808 0.0011165
Year 21 Obs  =  0.00684541 0.248716 0.253851 0.40559 0.0827153 0.0022818
Year 21 Pred =  0.0408098 0.187003 0.187593 0.394763 0.146665 0.0431662
Year 22 Obs  =  0.08353 0.279849 0.254365 0.192072 0.14488 0.0453044
Year 22 Pred =  0.0244953 0.236083 0.347466 0.20825 0.12309 0.0606154
Year 23 Obs  =  0.00102564 0.347692 0.281026 0.28 0.0584615 0.0317949
Year 23 Pred =  0.0137929 0.384863 0.427052 0.114372 0.0314164 0.0285033
Year 24 Obs  =  0.00207792 0.255065 0.587532 0.123636 0.0161039 0.0155844
Year 24 Pred =  0.0067425 0.185151 0.612671 0.158526 0.0239856 0.0129246
Year 25 Obs  =  0.00606277 0.0649073 0.542439 0.328103 0.0410128 0.017475
Year 25 Pred =  0.0164328 0.155975 0.454342 0.317499 0.0450014 0.0107505
Year 26 Obs  =  0.00171233 0.421918 0.399315 0.144863 0.0267123 0.00547945
Year 26 Pred =  0.00972878 0.36779 0.35731 0.189143 0.0644355 0.0115923
Year 27 Obs  =  0.0212177 0.133149 0.655597 0.148216 0.0289053 0.0129151
Year 27 Pred =  0.0120103 0.177033 0.656934 0.113005 0.0290611 0.0119562
Year 28 Obs  =  0.00556242 0.36063 0.440667 0.172435 0.0176143 0.00309023
Year 28 Pred =  0.00645246 0.285464 0.418374 0.261267 0.0207224 0.0077203
Year 29 Obs  =  0 0.155885 0.614074 0.17261 0.0438624 0.0135689
Year 29 Pred =  0.0060762 0.158535 0.630804 0.153687 0.0457894 0.00510847
Year 30 Obs  =  0.00341797 0.187988 0.563477 0.228027 0.0166016 0.000488281
Year 30 Pred =  0.01599 0.209264 0.453595 0.283223 0.02832 0.00960793
Year 31 Obs  =  0.00210084 0.163866 0.511905 0.289216 0.0238095 0.00910364
Year 31 Pred =  0.0195858 0.0998756 0.488186 0.295052 0.0855461 0.0117543
Year 32 Obs  =  0.204641 0.122363 0.244023 0.214487 0.14346 0.0710267
Year 32 Pred =  0.039006 0.143331 0.271531 0.389519 0.117099 0.0395136
Year 33 Obs  =  0.0431849 0.249663 0.25641 0.226721 0.157895 0.0661269
Year 33 Pred =  0.130764 0.216166 0.309671 0.173896 0.119997 0.0495068
Year 34 Obs  =  0.0509491 0.353646 0.303696 0.158841 0.0609391 0.0719281
Year 34 Pred =  0.0670771 0.43398 0.288046 0.133168 0.0388594 0.0388689
Year 35 Obs  =  0.00721154 0.223558 0.563301 0.141026 0.0360577 0.0288462
Year 35 Pred =  0.0163282 0.214456 0.586184 0.13184 0.0319747 0.0192167
Year 36 Obs  =  0.0234926 0.0524667 0.358653 0.518403 0.0399374 0.00704777
Year 36 Pred =  0.0282043 0.0713502 0.412896 0.414971 0.0518802 0.0206982
Year 37 Obs  =  0.0152174 0.182609 0.167391 0.345652 0.273913 0.0152174
Year 37 Pred =  0.0300128 0.149506 0.172444 0.386338 0.221876 0.0398229
Year 38 Obs  =  0.00525394 0.117338 0.32049 0.183888 0.276708 0.0963222
Year 38 Pred =  0.00878924 0.143953 0.33701 0.158011 0.20795 0.144287

Proportions of Discards at age by fleet
 fleet 1
Year 1 Obs  =  0 0 0 0 0 0
Year 1 Pred =  1e-015 1e-015 1e-015 1e-015 1e-015 1e-015
Year 2 Obs  =  0 0 0 0 0 0
Year 2 Pred =  1e-015 1e-015 1e-015 1e-015 1e-015 1e-015
Year 3 Obs  =  0 0 0 0 0 0
Year 3 Pred =  1e-015 1e-015 1e-015 1e-015 1e-015 1e-015
Year 4 Obs  =  0 0 0 0 0 0
Year 4 Pred =  1e-015 1e-015 1e-015 1e-015 1e-015 1e-015
Year 5 Obs  =  0 0 0 0 0 0
Year 5 Pred =  1e-015 1e-015 1e-015 1e-015 1e-015 1e-015
Year 6 Obs  =  0 0 0 0 0 0
Year 6 Pred =  1e-015 1e-015 1e-015 1e-015 1e-015 1e-015
Year 7 Obs  =  0 0 0 0 0 0
Year 7 Pred =  1e-015 1e-015 1e-015 1e-015 1e-015 1e-015
Year 8 Obs  =  0 0 0 0 0 0
Year 8 Pred =  1e-015 1e-015 1e-015 1e-015 1e-015 1e-015
Year 9 Obs  =  0 0 0 0 0 0
Year 9 Pred =  1e-015 1e-015 1e-015 1e-015 1e-015 1e-015
Year 10 Obs  =  0 0 0 0 0 0
Year 10 Pred =  1e-015 1e-015 1e-015 1e-015 1e-015 1e-015
Year 11 Obs  =  0 0 0 0 0 0
Year 11 Pred =  1e-015 1e-015 1e-015 1e-015 1e-015 1e-015
Year 12 Obs  =  0 0 0 0 0 0
Year 12 Pred =  1e-015 1e-015 1e-015 1e-015 1e-015 1e-015
Year 13 Obs  =  0 0 0 0 0 0
Year 13 Pred =  1e-015 1e-015 1e-015 1e-015 1e-015 1e-015
Year 14 Obs  =  0 0 0 0 0 0
