Age Structured Assessment Program (ASAP) Version 3.0
Start time for run: Fri Dec 15 12:02:05 2017

obj_fun        = 2895.65

Component                Lambda          obj_fun
__Catch_Fleet_1               1          -52.5936
Catch_Fleet_Total             1          -52.5936
Discard_Fleet_Total           0          0
__Index_Fit_1                 1          -21.0189
__Index_Fit_2                 1          8.67395
Index_Fit_Total               2          -12.345
Catch_Age_Comps       see_below          1599.38
Discard_Age_Comps     see_below          0
Index_Age_Comps       see_below          1361.21
__Sel_Param_1                 0          0
__Sel_Param_2                 0          -0
__Sel_Param_3                 0          -0
__Sel_Param_7                 0          0
__Sel_Param_8                 0          -0
__Sel_Param_9                 0          -0
__Sel_Param_13                0          0
__Sel_Param_14                0          0
__Sel_Param_15                0          -0
__Sel_Param_19                0          0
__Sel_Param_20                0          -0
__Sel_Param_21                0          0
__Sel_Param_25                0          0
__Sel_Param_26                0          0
__Sel_Param_27                0          -0
__Sel_Param_31                0          -0
__Sel_Param_32                0          -0
__Sel_Param_33                0          -0
Sel_Params_Total              0          0
__Index_Sel_Param_1           0          0
__Index_Sel_Param_2           0          0
__Index_Sel_Param_3           0          -0
__Index_Sel_Param_7           0          0
__Index_Sel_Param_8           0          -0
__Index_Sel_Param_9           0          -0
Index_Sel_Params_Total        0          0
q_year1_Total                 0          0
q_devs_Total                  0          0
__Fmult_year1_fleet_1         0          -0
Fmult_year1_fleet_Total       0          0
Fmult_devs_fleet_Total        0          0
N_year_1                      0          0
Recruit_devs                  0          0
SR_steepness                  0          0
SR_scaler                     0          0
Fmult_Max_penalty          1000          0
F_penalty                     0          0

 Input and Estimated effective sample sizes for fleet 1
1973  18  46.7267
1974  18  13.0708
1975  18  29.1142
1976  18  17.2027
1977  18  164.216
1978  18  6.6506
1979  18  28.3837
1980  18  48.5326
1981  18  11.6535
1982  18  115.918
1983  18  105.719
1984  18  46.3814
1985  18  255.685
1986  18  44.5476
1987  18  56.3958
1988  18  135.901
1989  18  26.9071
1990  18  5.19866
1991  18  255.435
1992  18  24.6854
1993  18  55.9314
1994  18  49.8498
1995  18  11.9434
1996  37  94.3402
1997  37  40.7928
1998  37  104.298
1999  37  133.78
2000  37  60.3746
2001  37  465.415
2002  37  31.561
2003  37  82.5806
2004  37  11.9886
2005  37  64.025
2006  37  37.8157
2007  37  1154.95
2008  37  45.6134
2009  37  97.0536
2010  37  103.418
2011  37  54.9218
2012  37  70.9576
2013  37  37.0066
2014  37  20.702
2015  37  27.6084
2016  37  24.1822
 Total  1191  4319.43

 Input and Estimated effective Discard sample sizes for fleet 1
1973  0  0
1974  0  0
1975  0  0
1976  0  0
1977  0  0
1978  0  0
1979  0  0
1980  0  0
1981  0  0
1982  0  0
1983  0  0
1984  0  0
1985  0  0
1986  0  0
1987  0  0
1988  0  0
1989  0  0
1990  0  0
1991  0  0
1992  0  0
1993  0  0
1994  0  0
1995  0  0
1996  0  0
1997  0  0
1998  0  0
1999  0  0
2000  0  0
2001  0  0
2002  0  0
2003  0  0
2004  0  0
2005  0  0
2006  0  0
2007  0  0
2008  0  0
2009  0  0
2010  0  0
2011  0  0
2012  0  0
2013  0  0
2014  0  0
2015  0  0
2016  0  0
 Total  0  0

Observed and predicted total fleet catch by year and standardized residual
 fleet 1 total catches
1973  14549  14780.5  -0.0797096
1974  17088  16519.6  0.170817
1975  5732  5016.43  0.673325
1976  3436  3311.71  0.186041
1977  5223  4995.52  0.224855
1978  8085  7519.05  0.366442
1979  9883  8355.07  0.84804
1980  8021  7017.5  0.674887
1981  6607  6313.83  0.229183
1982  15764  15391.7  0.12069
1983  22211  20628.9  0.373137
1984  11225  9965.48  0.600963
1985  4817  4350.34  0.514521
1986  4620  4282.15  0.383455
1987  2652  2344.23  0.622874
1988  2782  2545.99  0.447638
1989  8349  6225.8  1.4817
1990  17916  11437.8  2.26605
1991  6430  6017.17  0.335067
1992  2695  2186.36  1.05615
1993  771  660.269  0.782866
1994  735  547.853  1.48384
1995  343  329.156  0.208037
1996  759  812.682  -0.345071
1997  1222  1257  -0.142597
1998  1087  1187.98  -0.448561
1999  1403  1793.13  -1.23887
2000  1397  1590.43  -0.654801
2001  1449  1910.61  -1.39641
2002  945  923.934  0.113834
2003  666  635.972  0.232956
2004  619  540.176  0.687783
2005  346  332.057  0.207697
2006  396  452.849  -0.677355
2007  502  583.098  -0.756181
2008  583  650.875  -0.556099
2009  453  486.652  -0.361827
2010  291  325.045  -0.558674
2011  390  523.711  -1.48854
2012  563  873.033  -2.21515
2013  646  1034.12  -2.37578
2014  625  874.989  -1.69893
2015  337  364.654  -0.398225
2016  152  149.021  0.0999382
Observed and predicted total fleet Discards by year and standardized residual
 fleet 1 total Discards
1973  0  0  0
1974  0  0  0
1975  0  0  0
1976  0  0  0
1977  0  0  0
1978  0  0  0
1979  0  0  0
1980  0  0  0
1981  0  0  0
1982  0  0  0
1983  0  0  0
1984  0  0  0
1985  0  0  0
1986  0  0  0
1987  0  0  0
1988  0  0  0
1989  0  0  0
1990  0  0  0
1991  0  0  0
1992  0  0  0
1993  0  0  0
1994  0  0  0
1995  0  0  0
1996  0  0  0
1997  0  0  0
1998  0  0  0
1999  0  0  0
2000  0  0  0
2001  0  0  0
2002  0  0  0
2003  0  0  0
2004  0  0  0
2005  0  0  0
2006  0  0  0
2007  0  0  0
2008  0  0  0
2009  0  0  0
2010  0  0  0
2011  0  0  0
2012  0  0  0
2013  0  0  0
2014  0  0  0
2015  0  0  0
2016  0  0  0

Index data
index number 1
aggregate units = 2
proportions units = 2
month = 4
starting and ending ages for selectivity = 1  6
selectivity choice = -1
 year, obs index, pred index, standardized residual
1973  45993.3  44557.6  0.145873
1974  18318.7  21836.3  -0.562574
1975  4839.41  6629.87  -1.10778
1976  5942.61  7599.59  -0.811924
1977  6925.37  8321.15  -0.487958
1978  18730.7  13106.1  1.29976
1979  5889.55  15075.8  -3.01028
1980  14774.4  15835.1  -0.305376
1981  27000.5  22303.9  0.672474
1982  43523.9  41963.7  0.128463
1983  30456.2  35534  -0.626262
1984  8397.88  14517.4  -1.99236
1985  6074.29  6232.02  -0.0734331
1986  7020.75  5968.47  0.715198
1987  1593.48  3419.87  -2.30898
1988  2035.3  5402.16  -2.79629
1989  17077.9  25859.8  -1.51021
1990  25849.5  24549.2  0.170386
1991  11510  10579.6  0.356177
1992  3741.82  3421.72  0.304631
1993  1493.45  1663.04  -0.334534
1994  529.85  1460.37  -2.69441
1995  2393.74  2271.93  0.177908
1996  3908.97  3082.52  0.698734
1997  4137.04  3044.26  0.714268
1998  6162.7  3655.36  1.62459
1999  5117.79  3639.59  1.50127
2000  4801.36  3705.61  0.942921
2001  2626.64  2937.38  -0.338066
2002  2910.49  2127.32  0.701633
2003  750.44  1618.98  -1.75501
2004  1002.58  1233.09  -0.472354
2005  1143.77  1224.86  -0.201503
2006  3334.65  2312.39  0.803972
2007  2429.57  3105.84  -0.836521
2008  2112.49  3143.13  -0.644522
2009  3367.55  3145.18  0.218793
2010  4738.41  3330.49  2.72356
2011  3828.25  3595.73  0.371227
2012  4154.04  3975.24  0.233635
2013  3713.59  3127.65  0.961641
2014  2678.69  1923.11  1.24926
2015  739.329  907.267  -0.771659
2016  545.663  522.657  0.123397
index number 2
aggregate units = 2
proportions units = 2
month = 10
starting and ending ages for selectivity = 1  6
selectivity choice = -1
 year, obs index, pred index, standardized residual
1973  17343  19036.7  -0.187278
1974  7069.14  6054.61  0.31667
1975  3338  4553.59  -0.560031
1976  10016.5  5492.91  1.39904
1977  5279.03  7877.11  -0.971649
1978  8912.42  10438.6  -0.452799
1979  7917.85  10461.1  -0.948861
1980  6111.82  12439.8  -1.59075
1981  24538.3  24326.3  0.0255279
1982  35005.5  28628.4  0.418253
1983  27070.6  14664.1  1.52097
1984  6421.5  5221.01  0.55002
1985  1397.52  4363.24  -2.65128
1986  3102.43  2952.4  0.120341
1987  2330.01  2089.87  0.222339
1988  5754.22  13006.9  -2.3991
1989  11846.9  19869.4  -1.28297
1990  5562.57  10204.3  -1.41295
1991  2649.75  3226.08  -0.51084
1992  629.04  1213.88  -1.22077
1993  579.77  959.946  -1.12869
1994  1704.84  1247.6  0.649411
1995  1389.37  1899.27  -0.448919
1996  1066.77  2007.7  -1.1743
1997  3556.07  2226.93  1.16119
1998  3107.97  2566.23  0.398339
1999  2256.89  2424.67  -0.112235
2000  2545.21  2304.46  0.171869
2001  1413.65  1505.13  -0.118216
2002  3443.4  1132.33  2.12949
2003  1953.92  828.12  1.44604
2004  303.12  707.766  -1.97471
2005  3025.86  1232.91  2.57187
2006  4060.28  1888.79  1.89876
2007  1983.45  1920.44  0.0659915
2008  3774.11  1790.12  1.60789
2009  1949.61  1904.02  0.0735983
2010  14077.9  2019.04  3.90304
2011  2300.53  2300.61  -5.1543e-005
2012  5822.16  2159.12  2.31002
2013  1669.98  1376.26  0.658953
2014  422.761  693.684  -1.01225
2015  111.667  347.376  -3.01607
2016  458.272  305.421  0.776929

Input effective sample sizes by index (row=index, column=year)
 12 12 12 12 12 12 12 12 12 12 12 12 12 12 12 12 12 12 12 12 12 12 12 12 12 12 12 12 12 12 12 12 12 12 12 12 12 12 12 12 12 12 12 12
 12 12 12 12 12 12 12 12 12 12 12 12 12 12 12 12 12 12 12 12 12 12 12 12 12 12 12 12 12 12 12 12 12 12 12 12 12 12 12 12 12 12 12 12
Estimated effective sample sizes by index (row=index, column=year)
 119.644 140.052 51.193 151.016 31.785 24.6467 20.5059 86.3075 13.4791 295.021 67.0585 9.37579 35.6733 84.676 7.54943 8.60794 86.3042 5.55323 33.9933 5.7723 16.7189 4.22696 6.20241 9.99325 24.906 7.50503 19.3211 8.85532 5.12307 3.69551 170.338 7.43088 14.298 13.5395 85.738 17.7633 238.592 41.282 75.5228 23.3626 31.1211 29.5336 22.0082 10.4972
 209.178 65.2036 130.872 370.357 19.5916 19.806 27.9843 9.50147 18.5247 23.3932 27.2822 49.9731 41.1756 463.176 92.0676 111.523 9.20308 58.4407 8.05694 3.44668 4.84303 106.994 15.4862 4.52318 4.82417 32.2418 5.57321 11.2245 18.414 50.6764 1.94909 12.7739 12.5276 55.987 9.91205 31.9265 49.8249 17.0138 19.4453 72.8908 63.6604 31.1025 4.39102 20.2481

Index proportions at age by index
 Index number 1
Year 1973 Obs  =  0.0198451 0.120089 0.328147 0.184446 0.143075 0.204398
Year 1973 Pred =  0.0107929 0.115364 0.338401 0.243174 0.140522 0.151747
Year 1974 Obs  =  0.0323298 0.136895 0.16135 0.31115 0.189779 0.168497
Year 1974 Pred =  0.00875253 0.181304 0.128649 0.325964 0.158717 0.196613
Year 1975 Obs  =  0.0856282 0.312654 0.0932841 0.120837 0.216884 0.170713
Year 1975 Pred =  0.0780713 0.236281 0.179481 0.108923 0.187004 0.210239
Year 1976 Obs  =  0.00317032 0.723716 0.0976154 0.0468649 0.0445141 0.0841196
Year 1976 Pred =  0.034623 0.683645 0.0961955 0.0627402 0.0257997 0.0969963
Year 1977 Obs  =  0.219988 0.235979 0.416121 0.038011 0.0237893 0.066112
Year 1977 Pred =  0.106008 0.318709 0.447873 0.0544963 0.0240839 0.0488289
Year 1978 Obs  =  0.163612 0.634234 0.112641 0.0480981 0.0156262 0.0257877
Year 1978 Pred =  0.0577595 0.688301 0.105407 0.124142 0.0102353 0.0141539
Year 1979 Obs  =  0.166619 0.492719 0.26245 0.0472567 0.0205789 0.010376
Year 1979 Pred =  0.0432163 0.543364 0.360773 0.0279886 0.0205022 0.0041562
Year 1980 Obs  =  0.0450794 0.441312 0.299064 0.188574 0.0185713 0.00739997
Year 1980 Pred =  0.0586716 0.461964 0.346515 0.121619 0.00590389 0.0053259
Year 1981 Obs  =  0.0314469 0.676331 0.175683 0.0906099 0.0217581 0.00417067
Year 1981 Pred =  0.107533 0.486691 0.2606 0.116593 0.0261008 0.00248188
Year 1982 Obs  =  0.00781571 0.688143 0.223391 0.0560099 0.0183577 0.00628276
Year 1982 Pred =  0.0244564 0.656772 0.215066 0.0760707 0.0220968 0.00553815
Year 1983 Obs  =  0.00217755 0.355656 0.589323 0.0400614 0.0115651 0.00121683
Year 1983 Pred =  0.00676874 0.313818 0.539474 0.106746 0.0241902 0.00900346
Year 1984 Obs  =  0.00932379 0.110034 0.218891 0.530741 0.0806514 0.0503592
Year 1984 Pred =  0.0209161 0.167493 0.403982 0.350606 0.043216 0.0137866
Year 1985 Obs  =  0.0734474 0.443816 0.111607 0.132179 0.196384 0.042568
Year 1985 Pred =  0.0642228 0.487409 0.172282 0.171497 0.0896454 0.0149441
Year 1986 Obs  =  0.00387138 0.688603 0.217933 0.056306 0.0295353 0.00375174
Year 1986 Pred =  0.0156956 0.633589 0.269192 0.0412662 0.0247866 0.0154706
Year 1987 Obs  =  0 0.0906324 0.73468 0.174688 0 0
Year 1987 Pred =  0.0555401 0.242988 0.486479 0.177967 0.0184858 0.0185402
Year 1988 Obs  =  0.197465 0.292743 0.102191 0.142559 0.241389 0.0236525
Year 1988 Pred =  0.372425 0.372267 0.0787534 0.135706 0.0336388 0.00721077
Year 1989 Obs  =  0.0134577 0.932524 0.0446138 0.00940397 0 0
Year 1989 Pred =  0.0218178 0.890587 0.0642293 0.00924454 0.010794 0.00332742
Year 1990 Obs  =  0.00491306 0.0266775 0.843523 0.121401 0.00348479 0
Year 1990 Pred =  0.00557484 0.251376 0.716267 0.0238881 0.00112764 0.00176596
Year 1991 Obs  =  0.0301034 0.0733666 0.309697 0.512925 0.0664961 0.00741182
Year 1991 Pred =  0.00384657 0.141896 0.387982 0.462779 0.00310855 0.000388755
Year 1992 Obs  =  0.00879786 0.0226467 0.255114 0.713442 0 0
Year 1992 Pred =  0.0104402 0.134254 0.322754 0.414793 0.116855 0.000903249
Year 1993 Obs  =  0.0181995 0.283464 0.125388 0.493836 0.0791121 0
Year 1993 Pred =  0.0297652 0.255251 0.237197 0.323444 0.119663 0.0346797
Year 1994 Obs  =  0 0.721072 0.0439936 0 0.183448 0.0514863
Year 1994 Pred =  0.0748069 0.409277 0.244114 0.146676 0.0840264 0.041099
Year 1995 Obs  =  0.0110037 0.815832 0.0476576 0.0643512 0.0130507 0.0481046
Year 1995 Pred =  0.0396973 0.604092 0.257215 0.0663573 0.017397 0.0152417
Year 1996 Obs  =  0 0.16995 0.557214 0.242165 0.0306704 0
Year 1996 Pred =  0.0242175 0.366968 0.464657 0.118673 0.0169168 0.00856764
Year 1997 Obs  =  0.0212567 0.357553 0.462065 0.132015 0.0271112 0
Year 1997 Pred =  0.0563979 0.302671 0.354423 0.245606 0.0335103 0.0073916
Year 1998 Obs  =  0.0184075 0.817895 0.104595 0.0436838 0.00984633 0.00557223
Year 1998 Pred =  0.0273326 0.578172 0.227824 0.120732 0.0392454 0.00669364
Year 1999 Obs  =  0.0115812 0.21242 0.630265 0.113956 0.0242937 0.00748371
Year 1999 Pred =  0.0409155 0.335713 0.506311 0.0872634 0.0214457 0.00835184
Year 2000 Obs  =  0.00668352 0.403184 0.516162 0.0684848 0.00548595 0
Year 2000 Pred =  0.0201765 0.493586 0.288911 0.179006 0.0135673 0.00475358
Year 2001 Obs  =  0 0.0440601 0.736538 0.152541 0.0522797 0.0145814
Year 2001 Pred =  0.0208982 0.307511 0.509044 0.123756 0.0351059 0.00368527
Year 2002 Obs  =  0.0280158 0.683831 0.135028 0.114726 0.0383989 0
Year 2002 Pred =  0.0117245 0.352159 0.381521 0.225757 0.0218388 0.00699946
Year 2003 Obs  =  0.0688254 0.167473 0.452382 0.239083 0.0722367 0
Year 2003 Pred =  0.016203 0.188268 0.447134 0.265909 0.0729328 0.00955267
Year 2004 Obs  =  0.0271103 0.226578 0.486959 0.137058 0.090288 0.0320077
Year 2004 Pred =  0.0301209 0.259144 0.241945 0.336108 0.100722 0.03196
Year 2005 Obs  =  0.214711 0.300087 0.141208 0.0984027 0.222562 0.0230291
Year 2005 Pred =  0.0944263 0.373263 0.260757 0.140173 0.0935254 0.0378549
Year 2006 Obs  =  0.0251601 0.793738 0.112273 0.0530311 0 0.0157978
Year 2006 Pred =  0.038553 0.617582 0.204708 0.0895437 0.0252891 0.0243246
Year 2007 Obs  =  0 0.396358 0.543565 0.0600765 0 0
Year 2007 Pred =  0.013049 0.357486 0.489126 0.10324 0.0236179 0.0134802
Year 2008 Obs  =  0 0.0393185 0.541915 0.379794 0.038973 0
Year 2008 Pred =  0.0212958 0.161736 0.391582 0.366376 0.0430954 0.0159144
Year 2009 Obs  =  0.0394994 0.241036 0.218994 0.335979 0.152724 0.0117682
Year 2009 Pred =  0.0202115 0.269148 0.185759 0.322484 0.173698 0.0287002
Year 2010 Obs  =  0.028606 0.317117 0.357211 0.128131 0.157784 0.0111508
Year 2010 Pred =  0.0155084 0.243394 0.304368 0.160284 0.168327 0.108119
Year 2011 Obs  =  0.0778745 0.228946 0.261031 0.274736 0.0741135 0.0832994
Year 2011 Pred =  0.0301349 0.182802 0.271562 0.267919 0.0892708 0.158311
Year 2012 Obs  =  0.0124972 0.494904 0.111692 0.153304 0.108417 0.119185
Year 2012 Pred =  0.00696458 0.342606 0.189716 0.210717 0.127903 0.122093
Year 2013 Obs  =  0.103919 0.0865375 0.532516 0.153936 0.0683925 0.054699
Year 2013 Pred =  0.00651581 0.109692 0.466115 0.17403 0.109647 0.133999
Year 2014 Obs  =  0.00522717 0.241932 0.205972 0.423406 0.0859643 0.0374992
Year 2014 Pred =  0.00291774 0.129643 0.17911 0.465509 0.0911779 0.131643
Year 2015 Obs  =  0.0190605 0.0256705 0.312778 0.260762 0.381729 0
Year 2015 Pred =  0.00503097 0.0760507 0.275186 0.22192 0.282337 0.139476
Year 2016 Obs  =  0.24441 0.0707505 0.139357 0.159877 0.177948 0.207657
Year 2016 Pred =  0.0379944 0.108699 0.139815 0.319327 0.133517 0.260647
 Index number 2
Year 1973 Obs  =  0.119324 0.150538 0.340303 0.18644 0.132132 0.071264
Year 1973 Pred =  0.136957 0.162393 0.313428 0.174326 0.101699 0.111198
Year 1974 Obs  =  0.143825 0.226914 0.0805289 0.316983 0.134204 0.0975437
Year 1974 Pred =  0.160608 0.248243 0.115138 0.225799 0.110995 0.139218
Year 1975 Obs  =  0.571739 0.157148 0.0579031 0.0870644 0.0831009 0.0430439
Year 1975 Pred =  0.593028 0.156631 0.0779728 0.0366255 0.0634807 0.0722619
Year 1976 Obs  =  0.274768 0.58828 0.048958 0.00646431 0.0102111 0.071319
Year 1976 Pred =  0.261558 0.599017 0.0555004 0.0280173 0.0116311 0.0442761
Year 1977 Obs  =  0.510178 0.324685 0.127419 0.00740478 0.0063383 0.0239741
Year 1977 Pred =  0.600727 0.187533 0.173209 0.0163126 0.00727794 0.0149405
Year 1978 Obs  =  0.277989 0.637789 0.0395617 0.0315021 0.00320452 0.00995354
Year 1978 Pred =  0.401048 0.522605 0.0375544 0.0323333 0.00269127 0.00376826
Year 1979 Obs  =  0.224595 0.493926 0.237504 0.0361866 0.0039531 0.00383438
Year 1979 Pred =  0.344991 0.483924 0.154451 0.00879475 0.00650383 0.00133497
Year 1980 Obs  =  0.224752 0.566796 0.147518 0.0609345 0 0
Year 1980 Pred =  0.415883 0.389323 0.151545 0.0395414 0.00193782 0.00177001
Year 1981 Obs  =  0.456806 0.461127 0.0657022 0.00959521 0.00556436 0.00120465
Year 1981 Pred =  0.551686 0.314915 0.0939462 0.0316188 0.00714588 0.000688001
Year 1982 Obs  =  0.0807355 0.712466 0.175838 0.0214155 0.00954477 0
Year 1982 Pred =  0.199864 0.647678 0.112044 0.02955 0.00866552 0.00219906
Year 1983 Obs  =  0.098224 0.584359 0.290064 0.0240021 0.00198149 0.00136901
Year 1983 Pred =  0.0907453 0.462438 0.375346 0.0543503 0.0124342 0.00468591
Year 1984 Obs  =  0.315164 0.278223 0.333711 0.0729019 0 0
Year 1984 Pred =  0.318817 0.25089 0.2497 0.155064 0.0192958 0.00623277
Year 1985 Obs  =  0.58855 0.297584 0.075863 0.038003 0 0
Year 1985 Pred =  0.503096 0.377495 0.0554612 0.0395522 0.0208722 0.00352303
Year 1986 Obs  =  0.173763 0.602503 0.169521 0.0486617 0.00555047 0
Year 1986 Pred =  0.16803 0.61865 0.172579 0.0204767 0.0124167 0.00784703
Year 1987 Obs  =  0.498792 0.24245 0.211192 0.0194377 0.0163604 0.0117682
Year 1987 Pred =  0.480038 0.188056 0.247139 0.0699769 0.00733806 0.00745185
Year 1988 Obs  =  0.872351 0.0634683 0.0281498 0.0281116 0.00263981 0.00527961
Year 1988 Pred =  0.854867 0.105002 0.0146467 0.0195348 0.00488851 0.00106102
Year 1989 Obs  =  0.00190176 0.863039 0.119851 0.0142636 0.000944549 0
Year 1989 Pred =  0.158224 0.803119 0.0329027 0.00225962 0.00266354 0.000831363
Year 1990 Obs  =  0.0049042 0.351089 0.596556 0.047451 0 0
Year 1990 Pred =  0.073938 0.373279 0.545735 0.00627433 0.000299008 0.000474133
Year 1991 Obs  =  0.20822 0.0898802 0.566416 0.135484 0 0
Year 1991 Pred =  0.0697857 0.298278 0.432612 0.197813 0.00134142 0.00016986
Year 1992 Obs  =  0.305953 0.0435895 0.130785 0.519673 0 0
Year 1992 Pred =  0.163516 0.254235 0.337871 0.189936 0.0540191 0.000422781
Year 1993 Obs  =  0.559584 0.0470531 0.218863 0.1745 0 0
Year 1993 Pred =  0.288894 0.324922 0.180617 0.138607 0.0517694 0.0151912
Year 1994 Obs  =  0.496639 0.300738 0.0720595 0.0782009 0.0355928 0.0167699
Year 1994 Pred =  0.494247 0.354563 0.0918142 0.0318408 0.0184147 0.00911984
Year 1995 Obs  =  0.114922 0.533324 0.212714 0.0954239 0 0.0436166
Year 1995 Pred =  0.268462 0.566143 0.131126 0.0228538 0.00604881 0.00536581
Year 1996 Obs  =  0.482733 0.173197 0.34407 0 0 0
Year 1996 Pred =  0.210159 0.437842 0.29201 0.0492634 0.00708954 0.00363553
Year 1997 Obs  =  0.265647 0.167671 0.471445 0.0875939 0.00764327 0
Year 1997 Pred =  0.435379 0.311611 0.169753 0.0712513 0.00981427 0.00219192
Year 1998 Obs  =  0.328991 0.598934 0.0456372 0.0179634 0 0.00847493
Year 1998 Pred =  0.219842 0.618529 0.112154 0.0357264 0.0117241 0.0020247
Year 1999 Obs  =  0.630119 0.199403 0.142041 0.0142187 0.0142187 0
Year 1999 Pred =  0.346676 0.373657 0.246492 0.0246481 0.0061153 0.00241139
Year 2000 Obs  =  0.0222849 0.753349 0.13677 0.0772468 0 0.0103488
Year 2000 Pred =  0.183186 0.594262 0.158114 0.0583858 0.00446743 0.00158487
Year 2001 Obs  =  0.317228 0.496389 0.128702 0.0576805 0 0
Year 2001 Pred =  0.230058 0.434391 0.285878 0.0377226 0.010803 0.00114826
Year 2002 Obs  =  0.0845937 0.583246 0.285288 0.0468723 0 0
Year 2002 Pred =  0.123405 0.490066 0.275784 0.098061 0.00957654 0.0031078
Year 2003 Obs  =  0.687923 0.00486205 0.157919 0.134709 0 0.0145861
Year 2003 Pred =  0.177877 0.279022 0.362959 0.137134 0.0379718 0.00503581
Year 2004 Obs  =  0.26624 0.371086 0 0.0871631 0.181485 0.0940253
Year 2004 Pred =  0.29429 0.337739 0.167528 0.143201 0.0433228 0.0139189
Year 2005 Obs  =  0.716918 0.176092 0.0703533 0.0184575 0.0181799 0
Year 2005 Pred =  0.527381 0.284388 0.111735 0.0392365 0.0264291 0.0108313
Year 2006 Obs  =  0.337416 0.608829 0.0483145 0.00544052 0 0
Year 2006 Pred =  0.265314 0.579114 0.107647 0.0306661 0.00874347 0.00851535
Year 2007 Obs  =  0.129778 0.648543 0.206362 0 0.0153167 0
Year 2007 Pred =  0.118833 0.450689 0.360031 0.0516311 0.0119242 0.00689115
Year 2008 Obs  =  0.324301 0.119845 0.326725 0.2036 0.0179777 0.00755143
Year 2008 Pred =  0.210739 0.223377 0.322332 0.20939 0.0248648 0.00929719
Year 2009 Obs  =  0.224905 0.371765 0.222819 0.167508 0.0130026 0
Year 2009 Pred =  0.188424 0.354555 0.150505 0.187502 0.101957 0.0170575
Year 2010 Obs  =  0.0302032 0.463575 0.255527 0.184468 0.0662268 0
Year 2010 Pred =  0.144554 0.324191 0.256553 0.0999015 0.105916 0.0688838
Year 2011 Obs  =  0.135657 0.236183 0.325036 0.199634 0.0948715 0.00861844
Year 2011 Pred =  0.265937 0.228917 0.211415 0.151377 0.0509205 0.0914327
Year 2012 Obs  =  0.0517669 0.543585 0.217325 0.123266 0.0296452 0.0344121
Year 2012 Pred =  0.0722396 0.494146 0.161566 0.123375 0.0756019 0.0730719
Year 2013 Obs  =  0.14767 0.153234 0.504613 0.108274 0.0552103 0.0309992
Year 2013 Pred =  0.0832427 0.191099 0.456271 0.111174 0.0707131 0.087501
Year 2014 Obs  =  0.0975729 0.388208 0.156476 0.295723 0 0.0620209
Year 2014 Pred =  0.045386 0.270283 0.200798 0.325216 0.0643072 0.0940099
Year 2015 Obs  =  0 0 0.401234 0.479421 0 0.119345
Year 2015 Pred =  0.0738423 0.15177 0.306284 0.159935 0.205419 0.102749
Year 2016 Obs  =  0.23665 0.284282 0.0699433 0.194536 0.0814736 0.133116
Year 2016 Pred =  0.366099 0.144935 0.108722 0.168513 0.0711316 0.1406

Index Selectivity at Age
 0.0194102 0.369965 0.663844 1 1 1
 0.278545 0.745591 0.866735 1 1 1

Deviations section: only applicable if associated lambda > 0
Nyear1 observed, expected, standardized residual
N/A

Fleet Obs, Initial, and Stadardized Residual for Fmult
N/A

Standardized Residuals for Fmult_devs by fleet and year
N/A

Index Obs, Initial, and Standardized Residual for q_year1
N/A

Standardized Residuals for catchability deviations by index and year
N/A

Obs, Initial, and Stadardized Residual for SR steepness
N/A

Obs, Initial, and Stadardized Residual for SR scaler
N/A

End of Deviations Section

Selectivity by age and year for each fleet
 fleet 1 selectivity at age
 0.136085 0.985847 0.999998 1 1 1
 0.136085 0.985847 0.999998 1 1 1
 0.136085 0.985847 0.999998 1 1 1
 0.136085 0.985847 0.999998 1 1 1
 0.136085 0.985847 0.999998 1 1 1
 0.0331054 0.435328 0.919323 1 1 1
 0.0331054 0.435328 0.919323 1 1 1
 0.0331054 0.435328 0.919323 1 1 1
 0.0331054 0.435328 0.919323 1 1 1
 0.0331054 0.435328 0.919323 1 1 1
 0.0331054 0.435328 0.919323 1 1 1
 0.0331054 0.435328 0.919323 1 1 1
 0.0331054 0.435328 0.919323 1 1 1
 0.123758 0.987712 0.999998 1 1 1
 0.123758 0.987712 0.999998 1 1 1
 0.123758 0.987712 0.999998 1 1 1
 0.0196811 0.21312 0.400732 1 1 1
 0.0196811 0.21312 0.400732 1 1 1
 0.0196811 0.21312 0.400732 1 1 1
 0.0196811 0.21312 0.400732 1 1 1
 0.0196811 0.21312 0.400732 1 1 1
 0.00366819 0.12945 0.642089 1 1 1
 0.00366819 0.12945 0.642089 1 1 1
 0.00366819 0.12945 0.642089 1 1 1
 0.00366819 0.12945 0.642089 1 1 1
 0.00366819 0.12945 0.642089 1 1 1
 0.00366819 0.12945 0.642089 1 1 1
 0.00366819 0.12945 0.642089 1 1 1
 0.00366819 0.12945 0.642089 1 1 1
 0.0174463 0.17566 0.577641 1 1 1
 0.0174463 0.17566 0.577641 1 1 1
 0.0174463 0.17566 0.577641 1 1 1
 0.0174463 0.17566 0.577641 1 1 1
 0.0174463 0.17566 0.577641 1 1 1
 0.0174463 0.17566 0.577641 1 1 1
 0.0174463 0.17566 0.577641 1 1 1
 0.0174463 0.17566 0.577641 1 1 1
 0.0174463 0.17566 0.577641 1 1 1
 0.0174463 0.17566 0.577641 1 1 1
 0.0174463 0.17566 0.577641 1 1 1
 0.0174463 0.17566 0.577641 1 1 1
 0.0174463 0.17566 0.577641 1 1 1
 0.0174463 0.17566 0.577641 1 1 1
 0.0174463 0.17566 0.577641 1 1 1

Fmult by year for each fleet
1973   0.636288
1974   1.56956
1975   1.20089
1976   0.531391
1977   0.791836
1978   1.41555
1979   1.31589
1980   0.999517
1981   0.706033
1982   0.925732
1983   1.38993
1984   1.94672
1985   1.91663
1986   1.07902
1987   1.12163
1988   0.38899
1989   1.61445
1990   2.69932
1991   2.34493
1992   1.9046
1993   1.06358
1994   1.63967
1995   0.759955
1996   0.885651
1997   1.37007
1998   1.41264
1999   1.61058
2000   1.46045
2001   1.98315
2002   1.19868
2003   0.934937
2004   1.08646
2005   0.803194
2006   0.817596
2007   0.617093
2008   0.514557
2009   0.3581
2010   0.216285
2011   0.304729
2012   0.561115
2013   0.807863
2014   1.02642
2015   0.844919
2016   0.622629

Directed F by age and year for each fleet
 fleet 1 directed F at age
 0.0865895 0.627283 0.636287 0.636288 0.636288 0.636288
 0.213595 1.54735 1.56956 1.56956 1.56956 1.56956
 0.163424 1.1839 1.20089 1.20089 1.20089 1.20089
 0.0723145 0.52387 0.53139 0.531391 0.531391 0.531391
 0.107757 0.780629 0.791834 0.791836 0.791836 0.791836
 0.0468623 0.616229 1.30135 1.41555 1.41555 1.41555
 0.0435629 0.572843 1.20973 1.31589 1.31589 1.31589
 0.0330894 0.435118 0.918879 0.999517 0.999517 0.999517
 0.0233735 0.307356 0.649072 0.706033 0.706033 0.706033
 0.0306467 0.402997 0.851047 0.925732 0.925732 0.925732
 0.0460143 0.605077 1.2778 1.38993 1.38993 1.38993
 0.064447 0.847464 1.78967 1.94672 1.94672 1.94672
 0.0634506 0.834361 1.762 1.91663 1.91663 1.91663
 0.133537 1.06576 1.07902 1.07902 1.07902 1.07902
 0.13881 1.10785 1.12163 1.12163 1.12163 1.12163
 0.0481405 0.38421 0.388989 0.38899 0.38899 0.38899
 0.0317742 0.344072 0.646962 1.61445 1.61445 1.61445
 0.0531257 0.575279 1.0817 2.69932 2.69932 2.69932
 0.0461509 0.499752 0.93969 2.34493 2.34493 2.34493
 0.0374848 0.405909 0.763236 1.9046 1.9046 1.9046
 0.0209324 0.22667 0.42621 1.06358 1.06358 1.06358
 0.00601461 0.212254 1.05281 1.63967 1.63967 1.63967
 0.00278766 0.0983759 0.487959 0.759955 0.759955 0.759955
 0.00324874 0.114647 0.568667 0.885651 0.885651 0.885651
 0.00502567 0.177354 0.879705 1.37007 1.37007 1.37007
 0.00518183 0.182866 0.907041 1.41264 1.41264 1.41264
 0.0059079 0.208488 1.03413 1.61058 1.61058 1.61058
 0.00535722 0.189055 0.937742 1.46045 1.46045 1.46045
 0.00727456 0.256717 1.27336 1.98315 1.98315 1.98315
 0.0209124 0.210559 0.692404 1.19868 1.19868 1.19868
 0.0163112 0.164231 0.540058 0.934937 0.934937 0.934937
 0.0189546 0.190847 0.627582 1.08646 1.08646 1.08646
 0.0140127 0.141089 0.463958 0.803194 0.803194 0.803194
 0.014264 0.143619 0.472276 0.817596 0.817596 0.817596
 0.010766 0.108398 0.356458 0.617093 0.617093 0.617093
 0.0089771 0.0903871 0.297229 0.514557 0.514557 0.514557
 0.00624752 0.0629039 0.206853 0.3581 0.3581 0.3581
 0.00377336 0.0379926 0.124935 0.216285 0.216285 0.216285
 0.00531638 0.0535287 0.176024 0.304729 0.304729 0.304729
 0.00978936 0.0985654 0.324123 0.561115 0.561115 0.561115
 0.0140942 0.141909 0.466655 0.807863 0.807863 0.807863
 0.0179072 0.1803 0.592901 1.02642 1.02642 1.02642
 0.0147407 0.148418 0.488059 0.844919 0.844919 0.844919
 0.0108625 0.109371 0.359656 0.622629 0.622629 0.622629
Discard F by age and year for each fleet
 fleet 1 Discard F at age
 0 0 0 0 0 0
 0 0 0 0 0 0
 0 0 0 0 0 0
 0 0 0 0 0 0
 0 0 0 0 0 0
 0 0 0 0 0 0
 0 0 0 0 0 0
 0 0 0 0 0 0
 0 0 0 0 0 0
 0 0 0 0 0 0
 0 0 0 0 0 0
 0 0 0 0 0 0
 0 0 0 0 0 0
 0 0 0 0 0 0
 0 0 0 0 0 0
 0 0 0 0 0 0
 0 0 0 0 0 0
 0 0 0 0 0 0
 0 0 0 0 0 0
 0 0 0 0 0 0
 0 0 0 0 0 0
 0 0 0 0 0 0
 0 0 0 0 0 0
 0 0 0 0 0 0
 0 0 0 0 0 0
 0 0 0 0 0 0
 0 0 0 0 0 0
 0 0 0 0 0 0
 0 0 0 0 0 0
 0 0 0 0 0 0
 0 0 0 0 0 0
 0 0 0 0 0 0
 0 0 0 0 0 0
 0 0 0 0 0 0
 0 0 0 0 0 0
 0 0 0 0 0 0
 0 0 0 0 0 0
 0 0 0 0 0 0
 0 0 0 0 0 0
 0 0 0 0 0 0
 0 0 0 0 0 0
 0 0 0 0 0 0
 0 0 0 0 0 0
 0 0 0 0 0 0
Total F
 0.0865895 0.627283 0.636287 0.636288 0.636288 0.636288
 0.213595 1.54735 1.56956 1.56956 1.56956 1.56956
 0.163424 1.1839 1.20089 1.20089 1.20089 1.20089
 0.0723145 0.52387 0.53139 0.531391 0.531391 0.531391
 0.107757 0.780629 0.791834 0.791836 0.791836 0.791836
 0.0468623 0.616229 1.30135 1.41555 1.41555 1.41555
 0.0435629 0.572843 1.20973 1.31589 1.31589 1.31589
 0.0330894 0.435118 0.918879 0.999517 0.999517 0.999517
 0.0233735 0.307356 0.649072 0.706033 0.706033 0.706033
 0.0306467 0.402997 0.851047 0.925732 0.925732 0.925732
 0.0460143 0.605077 1.2778 1.38993 1.38993 1.38993
 0.064447 0.847464 1.78967 1.94672 1.94672 1.94672
 0.0634506 0.834361 1.762 1.91663 1.91663 1.91663
 0.133537 1.06576 1.07902 1.07902 1.07902 1.07902
 0.13881 1.10785 1.12163 1.12163 1.12163 1.12163
 0.0481405 0.38421 0.388989 0.38899 0.38899 0.38899
 0.0317742 0.344072 0.646962 1.61445 1.61445 1.61445
 0.0531257 0.575279 1.0817 2.69932 2.69932 2.69932
 0.0461509 0.499752 0.93969 2.34493 2.34493 2.34493
 0.0374848 0.405909 0.763236 1.9046 1.9046 1.9046
 0.0209324 0.22667 0.42621 1.06358 1.06358 1.06358
 0.00601461 0.212254 1.05281 1.63967 1.63967 1.63967
 0.00278766 0.0983759 0.487959 0.759955 0.759955 0.759955
 0.00324874 0.114647 0.568667 0.885651 0.885651 0.885651
 0.00502567 0.177354 0.879705 1.37007 1.37007 1.37007
 0.00518183 0.182866 0.907041 1.41264 1.41264 1.41264
 0.0059079 0.208488 1.03413 1.61058 1.61058 1.61058
 0.00535722 0.189055 0.937742 1.46045 1.46045 1.46045
 0.00727456 0.256717 1.27336 1.98315 1.98315 1.98315
 0.0209124 0.210559 0.692404 1.19868 1.19868 1.19868
 0.0163112 0.164231 0.540058 0.934937 0.934937 0.934937
 0.0189546 0.190847 0.627582 1.08646 1.08646 1.08646
 0.0140127 0.141089 0.463958 0.803194 0.803194 0.803194
 0.014264 0.143619 0.472276 0.817596 0.817596 0.817596
 0.010766 0.108398 0.356458 0.617093 0.617093 0.617093
 0.0089771 0.0903871 0.297229 0.514557 0.514557 0.514557
 0.00624752 0.0629039 0.206853 0.3581 0.3581 0.3581
 0.00377336 0.0379926 0.124935 0.216285 0.216285 0.216285
 0.00531638 0.0535287 0.176024 0.304729 0.304729 0.304729
 0.00978936 0.0985654 0.324123 0.561115 0.561115 0.561115
 0.0140942 0.141909 0.466655 0.807863 0.807863 0.807863
 0.0179072 0.1803 0.592901 1.02642 1.02642 1.02642
 0.0147407 0.148418 0.488059 0.844919 0.844919 0.844919
 0.0108625 0.109371 0.359656 0.622629 0.622629 0.622629

Average F for ages 1 to 6
Freport unweighted in .std and MCMC files
year    unweighted   Nweighted    Bweighted
1973  0.543171  0.486966  0.546737
1974  1.33987  1.29836  1.41672
1975  1.02515  0.479606  0.618738
1976  0.453624  0.331608  0.366663
1977  0.675954  0.284613  0.358632
1978  1.03518  0.363791  0.445221
1979  0.962299  0.427594  0.563443
1980  0.73094  0.277464  0.369143
1981  0.516317  0.12778  0.231832
1982  0.676981  0.340566  0.38413
1983  1.01645  0.868385  0.974456
1984  1.42363  1.07168  1.33821
1985  1.40161  0.52959  0.753213
1986  0.919232  0.854655  0.923626
1987  0.955529  0.540813  0.59976
1988  0.331385  0.0708731  0.0706316
1989  0.977693  0.272119  0.378053
1990  1.63468  0.837588  0.929877
1991  1.42007  1.29779  1.52447
1992  1.15341  0.938987  1.31081
1993  0.644091  0.307949  0.577665
1994  1.03168  0.239424  0.696191
1995  0.478165  0.109429  0.258672
1996  0.557253  0.224108  0.390071
1997  0.862047  0.264843  0.56585
1998  0.888835  0.274211  0.455534
1999  1.01338  0.352753  0.662054
2000  0.918919  0.362427  0.579702
2001  1.2478  0.633798  0.962842
2002  0.753317  0.416544  0.60028
2003  0.587569  0.355906  0.574394
2004  0.682793  0.32624  0.628855
2005  0.504774  0.100586  0.289159
2006  0.513824  0.13509  0.268881
2007  0.387817  0.189074  0.283514
2008  0.323377  0.1806  0.288041
2009  0.225051  0.118782  0.216979
2010  0.135926  0.0769636  0.136002
2011  0.191509  0.0904461  0.176622
2012  0.352637  0.227983  0.354772
2013  0.507708  0.423224  0.563
2014  0.64506  0.674625  0.812389
2015  0.530996  0.534817  0.691086
2016  0.391296  0.193023  0.553112

Population Numbers at the Start of the Year
 35846.4 22618.4 36690.3 17411 10013.5 10746.3
 14705.8 21925.6 8632.03 14443.2 6999.31 8616.66
 39330.1 7922.04 3334.44 1336.32 2283.39 2551.15
 19543 22277.3 1732.82 746.33 305.448 1141.23
 66101 12125.4 9428.12 757.571 333.212 671.377
 55868.8 39584 3969.63 3176.76 260.677 358.241
 48044.3 35557.2 15274.7 803.583 585.852 118.027
 68332.3 30678.5 14329.2 3388.79 163.726 146.78
 175973 44092.7 14188.7 4252.14 947.389 89.5266
 75436.1 114658 23171.8 5514.44 1594.23 397.084
 17747.3 48795.6 54760 7358.76 1659.7 613.9
 22508.8 11304.7 19040.4 11349.4 1392.3 441.409
 29661.4 14075.8 3461.69 2365.27 1230.52 203.858
 7065.19 18567.2 4367.09 442.09 264.284 163.93
 14344.1 4123.25 4570.54 1104.15 114.147 113.773
 148531 8327.21 973.162 1107.39 273.199 58.1993
 41483.2 94410.8 4052.44 490.567 570.076 174.644
 10116.3 26803 47826.7 1578.31 74.1515 115.406
 3002.89 6398.24 10775.1 12059.8 80.6236 10.0202
 2630.33 1912.52 2773.95 3131.6 878.049 6.74491
 3629.68 1689.83 910.751 961.784 354.142 101.997
 7980.74 2370.76 962.67 442.332 252.197 122.589
 6583.31 5291.05 1370.2 249.859 65.1957 56.764
 5449.69 4378.69 3426.85 625.627 88.7606 44.6745
 12539.4 3623.03 2790.17 1443.36 195.998 42.9643
 7297.25 8321.54 2168.33 861.051 278.568 47.2173
 10878.4 4841.94 4952.94 651.105 159.256 61.636
 5461 7212.93 2809 1309.77 98.7997 34.4018
 4485.85 3622.9 4266.61 817.982 230.938 24.0925
 1828.87 2970.27 2002.82 888.219 85.5152 27.2381
 1921.28 1194.57 1719.61 745.392 203.475 26.4855
 2722.11 1260.72 724.374 745.304 222.288 70.0963
 8466.16 1781.49 744.409 287.645 191.012 76.8332
 6526.11 5568.16 1105.57 348.15 97.8594 93.5429
 2964.22 4291.11 3446.8 512.777 116.75 66.223
 4893.46 1955.9 2751.5 1794.97 210.135 77.1176
 4644.17 3234.66 1276.93 1520.32 814.999 133.827
 3771.12 3078.26 2170.63 772.293 807.202 515.262
 7914.43 2505.77 2117.79 1424.88 472.519 832.757
 2024.44 5250.75 1697.35 1320.95 798.002 757.027
 1491.77 1337.1 3400.1 912.969 572.487 695.293
 411.132 981.052 829.109 1585.9 309.154 443.586
 334.174 269.349 585.417 340.853 431.595 211.886
 1452.45 219.625 165.934 267.272 111.223 215.776

Biomass Time Series
Year, TotJan1B, SSB, ExploitableB
1973  38683.3  20575.2  35329.2
1974  22988.2  8553.01  22832.2
1975  13022.8  2732.54  7475.27
1976  11426.5  3413.07  9127.59
1977  19390.2  3798.19  9825.67
1978  24572.2  5277.68  8972.59
1979  22599.6  6577.02  10876.7
1980  26139.4  7048.02  11219.1
1981  34968.4  8937.56  12944
1982  48399.6  16608.8  25346.2
1983  35429  15546.8  27974.4
1984  16115.1  5108.12  11836.9
1985  9935.08  2172.8  4643.61
1986  7024.16  2317.46  7281.5
1987  6156.41  1446.94  3720.55
1988  48059.1  1887.34  8519.02
1989  25969  8612.09  5668.51
1990  17963.2  9245.89  7780.43
1991  8476.29  3747.74  6186.74
1992  2843.02  1498.42  2506.12
1993  1637.63  851.664  1030.03
1994  1464.01  537.673  644.991
1995  1476.17  796.066  616.68
1996  2338.79  1458.93  1374.23
1997  3543.5  1350.5  1653.63
1998  3720.71  1547.84  1441.99
1999  4155.23  1815.5  2038.31
2000  3951.26  1830.08  1930.79
2001  3504.86  1546.58  1960.7
2002  2175.2  1180.83  1279.77
2003  1538.96  950.4  1077.4
2004  1264.32  641.518  841.844
2005  1475.73  597.602  615.003
2006  2003.64  936.22  794.25
2007  2326.77  1515.86  1301.07
2008  2695  1667.82  1752.12
2009  2561.89  1683.51  1792.66
2010  2607.02  1946.07  1864.77
2011  3430.73  2120.26  2212.19
2012  3195.22  2038.92  2199.89
2013  2538.76  1685.73  1964.96
2014  1631.07  1002.57  1458.46
2015  786.541  520.042  688.672
2016  377.237  271.718  353.534

q by index
 index 1 q over time
1973  0.781551
1974  0.781551
1975  0.781551
1976  0.781551
1977  0.781551
1978  0.781551
1979  0.781551
1980  0.781551
1981  0.781551
1982  0.781551
1983  0.781551
1984  0.781551
1985  0.781551
1986  0.781551
1987  0.781551
1988  0.781551
1989  0.781551
1990  0.781551
1991  0.781551
1992  0.781551
1993  0.781551
1994  0.781551
1995  0.781551
1996  0.781551
1997  0.781551
1998  0.781551
1999  0.781551
2000  0.781551
2001  0.781551
2002  0.781551
2003  0.781551
2004  0.781551
2005  0.781551
2006  0.781551
2007  0.781551
2008  0.781551
2009  0.781551
2010  0.781551
2011  0.781551
2012  0.781551
2013  0.781551
2014  0.781551
2015  0.781551
2016  0.781551
 index 2 q over time
1973  0.377535
1974  0.377535
1975  0.377535
1976  0.377535
1977  0.377535
1978  0.377535
1979  0.377535
1980  0.377535
1981  0.377535
1982  0.377535
1983  0.377535
1984  0.377535
1985  0.377535
1986  0.377535
1987  0.377535
1988  0.377535
1989  0.377535
1990  0.377535
1991  0.377535
1992  0.377535
1993  0.377535
1994  0.377535
1995  0.377535
1996  0.377535
1997  0.377535
1998  0.377535
1999  0.377535
2000  0.377535
2001  0.377535
2002  0.377535
2003  0.377535
2004  0.377535
2005  0.377535
2006  0.377535
2007  0.377535
2008  0.377535
2009  0.377535
2010  0.377535
2011  0.377535
2012  0.377535
2013  0.377535
2014  0.377535
2015  0.377535
2016  0.377535

Proportions of catch at age by fleet
 fleet 1
Year 1 Obs  =  0.00545691 0.144785 0.320763 0.216458 0.14188 0.170658
Year 1 Pred =  0.0572907 0.212799 0.354758 0.169853 0.0984808 0.106819
Year 2 Obs  =  0.0169397 0.555763 0.117739 0.158347 0.0792596 0.0719506
Year 2 Pred =  0.0515713 0.336291 0.135141 0.227806 0.111144 0.138046
Year 3 Obs  =  0.444401 0.220404 0.104175 0.0624274 0.0883052 0.0802875
Year 3 Pred =  0.312058 0.306853 0.132157 0.0533887 0.0918905 0.103652
Year 4 Obs  =  0.0209783 0.66913 0.128152 0.0355435 0.0488043 0.0973913
Year 4 Pred =  0.108189 0.753638 0.0603 0.0262085 0.0108151 0.0408492
Year 5 Obs  =  0.309764 0.296172 0.304651 0.0316124 0.0173338 0.0404664
Year 5 Pred =  0.333893 0.341626 0.272644 0.0220979 0.00979625 0.0199433
Year 6 Obs  =  0.312325 0.525768 0.0862784 0.0586358 0.00985241 0.00714001
Year 6 Pred =  0.0915278 0.683544 0.112074 0.0942631 0.00778897 0.0108026
Year 7 Obs  =  0.00653549 0.632045 0.304111 0.0373155 0.01539 0.00460295
Year 7 Pred =  0.0658467 0.522397 0.372836 0.0206636 0.0151721 0.00308527
Year 8 Obs  =  0.0423678 0.445853 0.303951 0.176525 0.0236043 0.00769905
Year 8 Pred =  0.0878122 0.446277 0.365563 0.0918301 0.0044703 0.00404764
Year 9 Obs  =  0.00184512 0.359635 0.409508 0.158789 0.060292 0.00993108
Year 9 Pred =  0.154306 0.460986 0.274774 0.0882267 0.0198148 0.00189224
Year 10 Obs  =  0.00311582 0.669013 0.28135 0.0366404 0.00818395 0.00169595
Year 10 Pred =  0.0372388 0.64905 0.233127 0.0590525 0.0172033 0.00432833
Year 11 Obs  =  0.0355781 0.277899 0.624782 0.0532119 0.00569072 0.00283797
Year 11 Pred =  0.0106758 0.310731 0.57246 0.0809002 0.0183743 0.00685923
Year 12 Obs  =  0.0132301 0.165658 0.560028 0.2286 0.024715 0.00776918
Year 12 Pred =  0.0368773 0.178901 0.455784 0.282428 0.0348647 0.0111447
Year 13 Obs  =  0.132837 0.507877 0.142054 0.128653 0.0724979 0.0160816
Year 13 Pred =  0.10757 0.495473 0.185068 0.131528 0.0688585 0.0115025
Year 14 Obs  =  0.0290806 0.662706 0.229467 0.0438627 0.0245907 0.0102922
Year 14 Pred =  0.0504872 0.736498 0.177211 0.0180869 0.0108931 0.00682319
