Age Structured Assessment Program (ASAP) Version 3.0
Start time for run: Fri Nov 17 11:08:48 2017

obj_fun        = 2596.35

Component                Lambda          obj_fun
__Catch_Fleet_1               1          -56.5578
Catch_Fleet_Total             1          -56.5578
Discard_Fleet_Total           0          0
__Index_Fit_1                 1          -20.2034
__Index_Fit_2                 1          3.68736
Index_Fit_Total               2          -16.5161
Catch_Age_Comps       see_below          1428.12
Discard_Age_Comps     see_below          0
Index_Age_Comps       see_below          1241.31
__Sel_Param_1                 0          0
__Sel_Param_2                 0          -0
__Sel_Param_3                 0          -0
__Sel_Param_7                 0          0
__Sel_Param_8                 0          -0
__Sel_Param_9                 0          -0
__Sel_Param_13                0          0
__Sel_Param_14                0          0
__Sel_Param_15                0          -0
__Sel_Param_19                0          0
__Sel_Param_20                0          -0
__Sel_Param_21                0          0
__Sel_Param_25                0          0
__Sel_Param_26                0          0
__Sel_Param_27                0          -0
__Sel_Param_31                0          0
__Sel_Param_32                0          -0
__Sel_Param_33                0          -0
Sel_Params_Total              0          0
__Index_Sel_Param_1           0          0
__Index_Sel_Param_2           0          0
__Index_Sel_Param_3           0          -0
__Index_Sel_Param_7           0          -0
__Index_Sel_Param_8           0          -0
__Index_Sel_Param_9           0          -0
Index_Sel_Params_Total        0          0
q_year1_Total                 0          0
q_devs_Total                  0          0
__Fmult_year1_fleet_1         0          -0
Fmult_year1_fleet_Total       0          0
Fmult_devs_fleet_Total        0          0
N_year_1                      0          0
Recruit_devs                  0          0
SR_steepness                  0          0
SR_scaler                     0          0
Fmult_Max_penalty          1000          0
F_penalty                     0          0

 Input and Estimated effective sample sizes for fleet 1
1973  18  52.9858
1974  18  11.3679
1975  18  27.4527
1976  18  20.3107
1977  18  245.642
1978  18  7.04165
1979  18  24.1908
1980  18  53.7883
1981  18  13.1404
1982  18  107.159
1983  18  113.149
1984  18  38.6148
1985  18  202.979
1986  18  53.9686
1987  18  50.7408
1988  18  173.886
1989  18  30.6121
1990  18  5.549
1991  18  409.194
1992  18  21.9656
1993  18  46.9228
1994  18  52.4645
1995  18  12.7354
1996  37  86.9533
1997  37  40.61
1998  37  88.322
1999  37  151.777
2000  37  50.7771
2001  37  695.072
2002  37  35.2156
2003  37  75.8597
2004  37  12.5321
2005  37  56.2663
2006  37  53.6707
2007  37  1374.97
2008  37  44.201
2009  37  107.514
2010  37  98.703
2011  37  54.2976
2012  37  43.6032
2013  37  35.4511
 Total  1080  4881.65

 Input and Estimated effective Discard sample sizes for fleet 1
1973  0  0
1974  0  0
1975  0  0
1976  0  0
1977  0  0
1978  0  0
1979  0  0
1980  0  0
1981  0  0
1982  0  0
1983  0  0
1984  0  0
1985  0  0
1986  0  0
1987  0  0
1988  0  0
1989  0  0
1990  0  0
1991  0  0
1992  0  0
1993  0  0
1994  0  0
1995  0  0
1996  0  0
1997  0  0
1998  0  0
1999  0  0
2000  0  0
2001  0  0
2002  0  0
2003  0  0
2004  0  0
2005  0  0
2006  0  0
2007  0  0
2008  0  0
2009  0  0
2010  0  0
2011  0  0
2012  0  0
2013  0  0
 Total  0  0

Observed and predicted total fleet catch by year and standardized residual
 fleet 1 total catches
1973  14549  15197.4  -0.220175
1974  17088  17736.3  -0.188017
1975  5732  5236.7  0.456336
1976  3436  3372.37  0.0943872
1977  5223  5118.88  0.101674
1978  8085  7772.08  0.199314
1979  9883  8645.47  0.675515
1980  8021  7241.47  0.516246
1981  6607  6457.05  0.115918
1982  15764  15898.6  -0.0429276
1983  22211  21812.9  0.091317
1984  11225  10634.5  0.272854
1985  4817  4534.06  0.305663
1986  4620  4430.06  0.211986
1987  2652  2417.04  0.468427
1988  2782  2572.06  0.396184
1989  8349  6405.53  1.338
1990  17916  12025.6  2.01298
1991  6430  6449.5  -0.015288
1992  2695  2334.53  0.725025
1993  771  688.08  0.574542
1994  735  576.463  1.22681
1995  343  335.274  0.115033
1996  759  835.107  -0.482512
1997  1222  1314.93  -0.370108
1998  1087  1228.17  -0.616543
1999  1403  1876.92  -1.46949
2000  1397  1672.71  -0.909508
2001  1449  2025.75  -1.69189
2002  945  949.329  -0.0230774
2003  666  657.655  0.0636681
2004  619  559.4  0.511204
2005  346  340.429  0.0819592
2006  396  457.405  -0.727903
2007  502  582.93  -0.754725
2008  583  651.934  -0.564303
2009  453  483.662  -0.330705
2010  291  311.955  -0.351112
2011  390  453.668  -0.763566
2012  563  655.014  -0.764365
2013  646  681.323  -0.268816
Observed and predicted total fleet Discards by year and standardized residual
 fleet 1 total Discards
1973  0  0  0
1974  0  0  0
1975  0  0  0
1976  0  0  0
1977  0  0  0
1978  0  0  0
1979  0  0  0
1980  0  0  0
1981  0  0  0
1982  0  0  0
1983  0  0  0
1984  0  0  0
1985  0  0  0
1986  0  0  0
1987  0  0  0
1988  0  0  0
1989  0  0  0
1990  0  0  0
1991  0  0  0
1992  0  0  0
1993  0  0  0
1994  0  0  0
1995  0  0  0
1996  0  0  0
1997  0  0  0
1998  0  0  0
1999  0  0  0
2000  0  0  0
2001  0  0  0
2002  0  0  0
2003  0  0  0
2004  0  0  0
2005  0  0  0
2006  0  0  0
2007  0  0  0
2008  0  0  0
2009  0  0  0
2010  0  0  0
2011  0  0  0
2012  0  0  0
2013  0  0  0

Index data
index number 1
aggregate units = 2
proportions units = 2
month = 4
starting and ending ages for selectivity = 1  6
selectivity choice = -1
 year, obs index, pred index, standardized residual
1973  45993.3  40190.6  0.620329
1974  18318.7  19868.6  -0.260131
1975  4839.41  6144.07  -0.839985
1976  5942.61  7242.5  -0.653045
1977  6925.37  7781.43  -0.309739
1978  18730.7  12385.2  1.50568
1979  5889.55  14275.9  -2.83567
1980  14774.4  14991.1  -0.0641275
1981  27000.5  21022.6  0.880671
1982  43523.9  39690.1  0.324489
1983  30456.2  33045.6  -0.331395
1984  8397.88  13224.8  -1.65291
1985  6074.29  5790.37  0.137125
1986  7020.75  5666.49  0.943879
1987  1593.48  3226.22  -2.13273
1988  2035.3  4956.03  -2.54938
1989  17077.9  24653.7  -1.33636
1990  25849.5  22783.9  0.416731
1991  11510  9521.28  0.801558
1992  3741.82  3054.45  0.691417
1993  1493.45  1491.27  0.00453952
1994  529.85  1330.61  -2.44712
1995  2393.74  2107.48  0.43386
1996  3908.97  2819.61  0.96098
1997  4137.04  2746.8  0.953714
1998  6162.7  3383.46  1.865
1999  5117.79  3354.96  1.85992
2000  4801.36  3424.24  1.23035
2001  2626.64  2673.42  -0.0533697
2002  2910.49  1915.04  0.936951
2003  750.44  1443.71  -1.49348
2004  1002.58  1102.62  -0.217093
2005  1143.77  1126.76  0.0440787
2006  3334.65  2216.45  0.897033
2007  2429.57  3016.62  -0.737233
2008  2112.49  3070.46  -0.606583
2009  3367.55  3228.83  0.134723
2010  4738.41  3604.83  2.11213
2011  3828.25  4030.16  -0.304504
2012  4154.04  4975.41  -0.95809
2013  3713.59  4661.78  -1.27346
index number 2
aggregate units = 2
proportions units = 2
month = 10
starting and ending ages for selectivity = 1  6
selectivity choice = -1
 year, obs index, pred index, standardized residual
1973  17343  18436.7  -0.122913
1974  7069.14  5898.24  0.370152
1975  3338  4506.4  -0.541243
1976  10016.5  5422.23  1.42921
1977  5279.03  7759.56  -0.935146
1978  8912.42  10278.5  -0.40852
1979  7917.85  10364.8  -0.917329
1980  6111.82  12380.4  -1.58004
1981  24538.3  23978.2  0.0679228
1982  35005.5  28021.8  0.4628
1983  27070.6  14280  1.58682
1984  6421.5  5072.98  0.626456
1985  1397.52  4284.85  -2.60906
1986  3102.43  2920.77  0.14649
1987  2330.01  2099.2  0.213234
1988  5754.22  12796  -2.35101
1989  11846.9  19423  -1.22658
1990  5562.57  9918.95  -1.3469
1991  2649.75  3100.14  -0.407478
1992  629.04  1160.56  -1.13736
1993  579.77  920.762  -1.0354
1994  1704.84  1208.53  0.715584
1995  1389.37  1833.73  -0.398491
1996  1066.77  1929.26  -1.10028
1997  3556.07  2150.02  1.24839
1998  3107.97  2489.33  0.461617
1999  2256.89  2358.84  -0.0691547
2000  2545.21  2225.38  0.232268
2001  1413.65  1436.82  -0.0306527
2002  3443.4  1078.06  2.22353
2003  1953.92  788.676  1.52825
2004  303.12  684.515  -1.89693
2005  3025.86  1226.44  2.58697
2006  4060.28  1914.46  1.86526
2007  1983.45  1986.92  -0.00356894
2008  3774.11  1925.69  1.45052
2009  1949.61  2153.13  -0.308828
2010  14077.9  2368.56  3.58216
2011  2300.53  2882.43  -0.345016
2012  5822.16  3017.86  1.53026
2013  1669.98  2721.96  -1.66419

Input effective sample sizes by index (row=index, column=year)
 12 12 12 12 12 12 12 12 12 12 12 12 12 12 12 12 12 12 12 12 12 12 12 12 12 12 12 12 12 12 12 12 12 12 12 12 12 12 12 12 12
 12 12 12 12 12 12 12 12 12 12 12 12 12 12 12 12 12 12 12 12 12 12 12 12 12 12 12 12 12 12 12 12 12 12 12 12 12 12 12 12 12
Estimated effective sample sizes by index (row=index, column=year)
 117.446 135.937 51.2298 174.296 27.2293 22.2102 19.3984 80.9188 14.9515 392.494 70.8682 8.89902 34.0344 93.1301 7.62867 9.54783 100.881 5.34246 28.5492 5.29705 15.2911 4.48849 6.72912 8.93013 28.5473 8.41295 16.94 8.51057 4.80305 3.98518 167.335 7.9628 13.1514 15.9854 94.1096 16.5454 127.344 49.9065 76.5841 28.4983 22.1345
 224.056 63.535 134.354 383.639 20.2266 20.606 29.1807 9.71989 19.2206 24.3209 24.8639 51.3734 39.0654 453.792 78.9934 109.83 9.30805 59.2968 8.01562 3.38489 4.90694 116.691 15.2136 4.58401 4.70373 33.9466 5.62221 11.0881 19.0545 53.4347 1.96971 13.0095 13.4979 63.4361 10.4289 35.866 51.6829 16.9742 16.9194 53.4194 35.7355

Index proportions at age by index
 Index number 1
Year 1973 Obs  =  0.0198451 0.120089 0.328147 0.184446 0.143075 0.204398
Year 1973 Pred =  0.00985614 0.121355 0.347289 0.23722 0.136856 0.147423
Year 1974 Obs  =  0.0323298 0.136895 0.16135 0.31115 0.189779 0.168497
Year 1974 Pred =  0.00794368 0.186872 0.131542 0.318286 0.158988 0.196369
Year 1975 Obs  =  0.0856282 0.312654 0.0932841 0.120837 0.216884 0.170713
Year 1975 Pred =  0.0707282 0.241306 0.179409 0.105799 0.187204 0.215554
Year 1976 Obs  =  0.00317032 0.723716 0.0976154 0.0468649 0.0445141 0.0841196
Year 1976 Pred =  0.030266 0.687149 0.0956828 0.0598323 0.025802 0.101268
Year 1977 Obs  =  0.219988 0.235979 0.416121 0.038011 0.0237893 0.066112
Year 1977 Pred =  0.0951863 0.323983 0.450143 0.0530512 0.0242595 0.0533772
Year 1978 Obs  =  0.163612 0.634234 0.112641 0.0480981 0.0156262 0.0257877
Year 1978 Pred =  0.0513992 0.696875 0.10567 0.120054 0.0103468 0.0156553
Year 1979 Obs  =  0.166619 0.492719 0.26245 0.0472567 0.0205789 0.010376
Year 1979 Pred =  0.0388844 0.547939 0.359811 0.0277432 0.0209403 0.00468176
Year 1980 Obs  =  0.0450794 0.441312 0.299064 0.188574 0.0185713 0.00739997
Year 1980 Pred =  0.0526833 0.472001 0.343832 0.119495 0.00616061 0.00582729
Year 1981 Obs  =  0.0314469 0.676331 0.175683 0.0906099 0.0217581 0.00417067
Year 1981 Pred =  0.0960534 0.497637 0.262244 0.114132 0.02713 0.00280347
Year 1982 Obs  =  0.00781571 0.688143 0.223391 0.0560099 0.0183577 0.00628276
Year 1982 Pred =  0.0215237 0.66221 0.213681 0.07406 0.0224934 0.00603204
Year 1983 Obs  =  0.00217755 0.355656 0.589323 0.0400614 0.0115651 0.00121683
Year 1983 Pred =  0.00599676 0.317881 0.537645 0.103968 0.0247432 0.00976617
Year 1984 Obs  =  0.00932379 0.110034 0.218891 0.530741 0.0806514 0.0503592
Year 1984 Pred =  0.0191708 0.171696 0.406788 0.343268 0.0440675 0.0150092
Year 1985 Obs  =  0.0734474 0.443816 0.111607 0.132179 0.196384 0.042568
Year 1985 Pred =  0.0579656 0.498724 0.17109 0.166594 0.0897806 0.0158465
Year 1986 Obs  =  0.00387138 0.688603 0.217933 0.056306 0.0295353 0.00375174
Year 1986 Pred =  0.013745 0.637259 0.267082 0.0403397 0.025212 0.0163622
Year 1987 Obs  =  0 0.0906324 0.73468 0.174688 0 0
Year 1987 Pred =  0.0497641 0.24596 0.490005 0.174558 0.0192803 0.0204318
Year 1988 Obs  =  0.197465 0.292743 0.102191 0.142559 0.241389 0.0236525
Year 1988 Pred =  0.343277 0.390525 0.0822134 0.139215 0.0362669 0.00850311
Year 1989 Obs  =  0.0134577 0.932524 0.0446138 0.00940397 0 0
Year 1989 Pred =  0.0191518 0.894594 0.0627629 0.00887733 0.0109929 0.00362124
Year 1990 Obs  =  0.00491306 0.0266775 0.843523 0.121401 0.00348479 0
Year 1990 Pred =  0.00503944 0.256534 0.712516 0.0227857 0.00116247 0.0019624
Year 1991 Obs  =  0.0301034 0.0733666 0.309697 0.512925 0.0664961 0.00741182
Year 1991 Pred =  0.00356708 0.14951 0.394067 0.449239 0.00316815 0.000448723
Year 1992 Obs  =  0.00879786 0.0226467 0.255114 0.713442 0 0
Year 1992 Pred =  0.00968373 0.141792 0.329819 0.400363 0.117376 0.000966812
Year 1993 Obs  =  0.0181995 0.283464 0.125388 0.493836 0.0791121 0
Year 1993 Pred =  0.0276939 0.266263 0.239969 0.311554 0.118702 0.0358183
Year 1994 Obs  =  0 0.721072 0.0439936 0 0.183448 0.0514863
Year 1994 Pred =  0.0691795 0.422757 0.242136 0.139581 0.08376 0.0425867
Year 1995 Obs  =  0.0110037 0.815832 0.0476576 0.0643512 0.0130507 0.0481046
Year 1995 Pred =  0.0358558 0.618454 0.25013 0.0622396 0.0172666 0.0160541
Year 1996 Obs  =  0 0.16995 0.557214 0.242165 0.0306704 0
Year 1996 Pred =  0.0221749 0.378757 0.461309 0.111686 0.0168063 0.00926699
Year 1997 Obs  =  0.0212567 0.357553 0.462065 0.132015 0.0271112 0
Year 1997 Pred =  0.0528148 0.316542 0.354239 0.235177 0.0332514 0.00797628
Year 1998 Obs  =  0.0184075 0.817895 0.104595 0.0436838 0.00984633 0.00557223
Year 1998 Pred =  0.0250305 0.594998 0.222481 0.112324 0.0382906 0.00687639
Year 1999 Obs  =  0.0115812 0.21242 0.630265 0.113956 0.0242937 0.00748371
Year 1999 Pred =  0.0373777 0.348027 0.502085 0.0825012 0.0212588 0.00875033
Year 2000 Obs  =  0.00668352 0.403184 0.516162 0.0684848 0.00548595 0
Year 2000 Pred =  0.0182768 0.506885 0.286123 0.170123 0.0135383 0.00505393
Year 2001 Obs  =  0 0.0440601 0.736538 0.152541 0.0522797 0.0145814
Year 2001 Pred =  0.0191308 0.31838 0.505236 0.118046 0.0352544 0.00395268
Year 2002 Obs  =  0.0280158 0.683831 0.135028 0.114726 0.0383989 0
Year 2002 Pred =  0.0109074 0.368201 0.378764 0.213171 0.0216155 0.00734164
Year 2003 Obs  =  0.0688254 0.167473 0.452382 0.239083 0.0722367 0
Year 2003 Pred =  0.0152974 0.199457 0.452608 0.24988 0.0726383 0.0101194
Year 2004 Obs  =  0.0271103 0.226578 0.486959 0.137058 0.090288 0.0320077
Year 2004 Pred =  0.0288097 0.275481 0.244824 0.319213 0.0983491 0.0333227
Year 2005 Obs  =  0.214711 0.300087 0.141208 0.0984027 0.222562 0.0230291
Year 2005 Pred =  0.0894999 0.391765 0.259233 0.130254 0.0908256 0.0384219
Year 2006 Obs  =  0.0251601 0.793738 0.112273 0.0530311 0 0.0157978
Year 2006 Pred =  0.0361853 0.634961 0.198817 0.0816791 0.0239575 0.0244001
Year 2007 Obs  =  0 0.396358 0.543565 0.0600765 0 0
Year 2007 Pred =  0.0125528 0.374352 0.480665 0.0955153 0.022928 0.013987
Year 2008 Obs  =  0 0.0393185 0.541915 0.379794 0.038973 0
Year 2008 Pred =  0.0214902 0.174948 0.395309 0.348112 0.0430412 0.0171
Year 2009 Obs  =  0.0394994 0.241036 0.218994 0.335979 0.152724 0.0117682
Year 2009 Pred =  0.0207153 0.292129 0.185209 0.301295 0.170436 0.0302154
Year 2010 Obs  =  0.028606 0.317117 0.357211 0.128131 0.157784 0.0111508
Year 2010 Pred =  0.0151098 0.267211 0.302376 0.146446 0.159875 0.108982
Year 2011 Obs  =  0.0778745 0.228946 0.261031 0.274736 0.0741135 0.0832994
Year 2011 Pred =  0.0306651 0.194731 0.279376 0.250725 0.0846565 0.159846
Year 2012 Obs  =  0.0124972 0.494904 0.111692 0.153304 0.108417 0.119185
Year 2012 Pred =  0.00594902 0.356615 0.181632 0.203092 0.125877 0.126835
Year 2013 Obs  =  0.103919 0.0865375 0.532516 0.153936 0.0683925 0.054699
Year 2013 Pred =  0.0147586 0.0910932 0.434738 0.16868 0.127397 0.163333
 Index number 2
Year 1973 Obs  =  0.119324 0.150538 0.340303 0.18644 0.132132 0.071264
Year 1973 Pred =  0.135296 0.163906 0.318457 0.172406 0.100413 0.109522
Year 1974 Obs  =  0.143825 0.226914 0.0805289 0.316983 0.134204 0.0975437
Year 1974 Pred =  0.158056 0.246207 0.116942 0.224267 0.113093 0.141434
Year 1975 Obs  =  0.571739 0.157148 0.0579031 0.0870644 0.0831009 0.0430439
Year 1975 Pred =  0.585368 0.156603 0.0787712 0.0368165 0.0657665 0.0766747
Year 1976 Obs  =  0.274768 0.58828 0.048958 0.00646431 0.0102111 0.071319
Year 1976 Pred =  0.25637 0.598246 0.056595 0.0280493 0.0122114 0.0485276
Year 1977 Obs  =  0.510178 0.324685 0.127419 0.00740478 0.0063383 0.0239741
Year 1977 Pred =  0.595095 0.187318 0.176527 0.0164891 0.0076122 0.0169586
Year 1978 Obs  =  0.277989 0.637789 0.0395617 0.0315021 0.00320452 0.00995354
Year 1978 Pred =  0.397432 0.523087 0.0391391 0.033059 0.00287637 0.00440664
Year 1979 Obs  =  0.224595 0.493926 0.237504 0.0361866 0.0039531 0.00383438
Year 1979 Pred =  0.344194 0.479394 0.158734 0.00913829 0.00696334 0.00157634
Year 1980 Obs  =  0.224752 0.566796 0.147518 0.0609345 0 0
Year 1980 Pred =  0.412151 0.388909 0.154183 0.0406181 0.00211407 0.00202474
Year 1981 Obs  =  0.456806 0.461127 0.0657022 0.00959521 0.00556436 0.00120465
Year 1981 Pred =  0.546644 0.315559 0.0968371 0.0323773 0.00776982 0.000812951
Year 1982 Obs  =  0.0807355 0.712466 0.175838 0.0214155 0.00954477 0
Year 1982 Pred =  0.197145 0.645859 0.114923 0.0302715 0.00928177 0.00252027
Year 1983 Obs  =  0.098224 0.584359 0.290064 0.0240021 0.00198149 0.00136901
Year 1983 Pred =  0.0890348 0.457222 0.380652 0.0546979 0.0131417 0.00525204
Year 1984 Obs  =  0.315164 0.278223 0.333711 0.0729019 0 0
Year 1984 Pred =  0.317758 0.24735 0.253202 0.154723 0.0200524 0.00691532
Year 1985 Obs  =  0.58855 0.297584 0.075863 0.038003 0 0
Year 1985 Pred =  0.498635 0.378162 0.0570075 0.0403316 0.0219429 0.00392149
Year 1986 Obs  =  0.173763 0.602503 0.169521 0.0486617 0.00555047 0
Year 1986 Pred =  0.164067 0.616711 0.176099 0.0210809 0.0133012 0.00874038
Year 1987 Obs  =  0.498792 0.24245 0.211192 0.0194377 0.0163604 0.0117682
Year 1987 Pred =  0.470157 0.187281 0.254199 0.0717721 0.00800305 0.00858729
Year 1988 Obs  =  0.872351 0.0634683 0.0281498 0.0281116 0.00263981 0.00527961
Year 1988 Pred =  0.852877 0.105186 0.0150913 0.0202541 0.00532676 0.00126455
Year 1989 Obs  =  0.00190176 0.863039 0.119851 0.0142636 0.000944549 0
Year 1989 Pred =  0.157067 0.803659 0.0330962 0.00231616 0.0028955 0.000965774
Year 1990 Obs  =  0.0049042 0.351089 0.596556 0.047451 0 0
Year 1990 Pred =  0.073986 0.372146 0.546766 0.00623202 0.000320976 0.000548637
Year 1991 Obs  =  0.20822 0.0898802 0.566416 0.135484 0 0
Year 1991 Pred =  0.0702589 0.300501 0.432816 0.194838 0.00138717 0.000198933
Year 1992 Obs  =  0.305953 0.0435895 0.130785 0.519673 0 0
Year 1992 Pred =  0.164167 0.255748 0.339072 0.185618 0.0549377 0.000458184
Year 1993 Obs  =  0.559584 0.0470531 0.218863 0.1745 0 0
Year 1993 Pred =  0.291388 0.323246 0.180211 0.136573 0.0525311 0.0160498
Year 1994 Obs  =  0.496639 0.300738 0.0720595 0.0782009 0.0355928 0.0167699
Year 1994 Pred =  0.498379 0.350121 0.0911067 0.0314933 0.0190789 0.00982197
Year 1995 Obs  =  0.114922 0.533324 0.212714 0.0954239 0 0.0436166
Year 1995 Pred =  0.270067 0.565487 0.129666 0.0225299 0.00630995 0.00594037
Year 1996 Obs  =  0.482733 0.173197 0.34407 0 0 0
Year 1996 Pred =  0.212344 0.436642 0.291474 0.0481428 0.0073136 0.00408324
Year 1997 Obs  =  0.265647 0.167671 0.471445 0.0875939 0.00764327 0
Year 1997 Pred =  0.441697 0.309072 0.167333 0.0695579 0.00992861 0.00241149
Year 1998 Obs  =  0.328991 0.598934 0.0456372 0.0179634 0 0.00847493
Year 1998 Pred =  0.222697 0.617154 0.110991 0.0349448 0.0120262 0.00218678
Year 1999 Obs  =  0.630119 0.199403 0.142041 0.0142187 0.0142187 0
Year 1999 Pred =  0.347863 0.372913 0.245922 0.0243338 0.00633014 0.00263819
Year 2000 Obs  =  0.0222849 0.753349 0.13677 0.0772468 0 0.0103488
Year 2000 Pred =  0.184068 0.592874 0.158482 0.0581401 0.00467091 0.00176552
Year 2001 Obs  =  0.317228 0.496389 0.128702 0.0576805 0 0
Year 2001 Pred =  0.232739 0.434429 0.283339 0.037054 0.0111717 0.00126826
Year 2002 Obs  =  0.0845937 0.583246 0.285288 0.0468723 0 0
Year 2002 Pred =  0.125763 0.494417 0.270826 0.0958118 0.00980804 0.00337301
Year 2003 Obs  =  0.687923 0.00486205 0.157919 0.134709 0 0.0145861
Year 2003 Pred =  0.182204 0.28207 0.360086 0.131579 0.0386143 0.00544685
Year 2004 Obs  =  0.26624 0.371086 0 0.0871631 0.181485 0.0940253
Year 2004 Pred =  0.301547 0.338735 0.164311 0.137829 0.0428701 0.0147073
Year 2005 Obs  =  0.716918 0.176092 0.0703533 0.0184575 0.0181799 0
Year 2005 Pred =  0.535779 0.281603 0.108233 0.0370908 0.0261101 0.0111837
Year 2006 Obs  =  0.337416 0.608829 0.0483145 0.00544052 0 0
Year 2006 Pred =  0.272981 0.575306 0.104701 0.0293551 0.00869241 0.0089639
Year 2007 Obs  =  0.129778 0.648543 0.206362 0 0.0153167 0
Year 2007 Pred =  0.124433 0.452729 0.35329 0.0499617 0.0121076 0.00747861
Year 2008 Obs  =  0.324301 0.119845 0.326725 0.2036 0.0179777 0.00755143
Year 2008 Pred =  0.223947 0.224202 0.314945 0.201616 0.0251662 0.0101236
Year 2009 Obs  =  0.224905 0.371765 0.222819 0.167508 0.0130026 0
Year 2009 Pred =  0.203308 0.356454 0.144924 0.176456 0.10077 0.0180886
Year 2010 Obs  =  0.0302032 0.463575 0.255527 0.184468 0.0662268 0
Year 2010 Pred =  0.150685 0.334477 0.249382 0.0927258 0.102195 0.0705357
Year 2011 Obs  =  0.135657 0.236183 0.325036 0.199634 0.0948715 0.00861844
Year 2011 Pred =  0.280858 0.223336 0.209708 0.143584 0.0489432 0.0935707
Year 2012 Obs  =  0.0517669 0.543585 0.217325 0.123266 0.0296452 0.0344121
Year 2012 Pred =  0.0642025 0.479266 0.157261 0.132181 0.0827079 0.084382
Year 2013 Obs  =  0.14767 0.153234 0.504613 0.108274 0.0552103 0.0309992
Year 2013 Pred =  0.165474 0.127268 0.392023 0.114537 0.0873306 0.113368

Index Selectivity at Age
 0.019646 0.421465 0.716446 1 1 1
 0.305517 0.804308 0.913484 1 1 1

Deviations section: only applicable if associated lambda > 0
Nyear1 observed, expected, standardized residual
N/A

Fleet Obs, Initial, and Stadardized Residual for Fmult
N/A

Standardized Residuals for Fmult_devs by fleet and year
N/A

Index Obs, Initial, and Standardized Residual for q_year1
N/A

Standardized Residuals for catchability deviations by index and year
N/A

Obs, Initial, and Stadardized Residual for SR steepness
N/A

Obs, Initial, and Stadardized Residual for SR scaler
N/A

End of Deviations Section

Selectivity by age and year for each fleet
 fleet 1 selectivity at age
 0.13729 0.986804 0.999991 1 1 1
 0.13729 0.986804 0.999991 1 1 1
 0.13729 0.986804 0.999991 1 1 1
 0.13729 0.986804 0.999991 1 1 1
 0.13729 0.986804 0.999991 1 1 1
 0.033034 0.429411 0.905663 1 1 1
 0.033034 0.429411 0.905663 1 1 1
 0.033034 0.429411 0.905663 1 1 1
 0.033034 0.429411 0.905663 1 1 1
 0.033034 0.429411 0.905663 1 1 1
 0.033034 0.429411 0.905663 1 1 1
 0.033034 0.429411 0.905663 1 1 1
 0.033034 0.429411 0.905663 1 1 1
 0.125479 0.999123 0.999997 1 1 1
 0.125479 0.999123 0.999997 1 1 1
 0.125479 0.999123 0.999997 1 1 1
 0.0198375 0.208649 0.399229 1 1 1
 0.0198375 0.208649 0.399229 1 1 1
 0.0198375 0.208649 0.399229 1 1 1
 0.0198375 0.208649 0.399229 1 1 1
 0.0198375 0.208649 0.399229 1 1 1
 0.00373822 0.130481 0.645717 1 1 1
 0.00373822 0.130481 0.645717 1 1 1
 0.00373822 0.130481 0.645717 1 1 1
 0.00373822 0.130481 0.645717 1 1 1
 0.00373822 0.130481 0.645717 1 1 1
 0.00373822 0.130481 0.645717 1 1 1
 0.00373822 0.130481 0.645717 1 1 1
 0.00373822 0.130481 0.645717 1 1 1
 0.0190375 0.169635 0.597908 1 1 1
 0.0190375 0.169635 0.597908 1 1 1
 0.0190375 0.169635 0.597908 1 1 1
 0.0190375 0.169635 0.597908 1 1 1
 0.0190375 0.169635 0.597908 1 1 1
 0.0190375 0.169635 0.597908 1 1 1
 0.0190375 0.169635 0.597908 1 1 1
 0.0190375 0.169635 0.597908 1 1 1
 0.0190375 0.169635 0.597908 1 1 1
 0.0190375 0.169635 0.597908 1 1 1
 0.0190375 0.169635 0.597908 1 1 1
 0.0190375 0.169635 0.597908 1 1 1

Fmult by year for each fleet
1973   0.601316
1974   1.53367
1975   1.13562
1976   0.49855
1977   0.747207
1978   1.35665
1979   1.26582
1980   0.945271
1981   0.661155
1982   0.890042
1983   1.36703
1984   1.91454
1985   1.84354
1986   1.02785
1987   1.0415
1988   0.362735
1989   1.56859
1990   2.66055
1991   2.3194
1992   1.87722
1993   1.01825
1994   1.57468
1995   0.715032
1996   0.846428
1997   1.33074
1998   1.35346
1999   1.5509
2000   1.41371
2001   1.96371
2002   1.15302
2003   0.896434
2004   1.03763
2005   0.747168
2006   0.744071
2007   0.535629
2008   0.429862
2009   0.284903
2010   0.158471
2011   0.189687
2012   0.263358
2013   0.254768

Directed F by age and year for each fleet
 fleet 1 directed F at age
 0.0825548 0.59338 0.60131 0.601316 0.601316 0.601316
 0.210557 1.51343 1.53365 1.53367 1.53367 1.53367
 0.15591 1.12064 1.13561 1.13562 1.13562 1.13562
 0.068446 0.491971 0.498545 0.49855 0.49855 0.49855
 0.102584 0.737346 0.7472 0.747207 0.747207 0.747207
 0.0448158 0.582563 1.22867 1.35665 1.35665 1.35665
 0.0418152 0.543558 1.14641 1.26582 1.26582 1.26582
 0.0312261 0.40591 0.856097 0.945271 0.945271 0.945271
 0.0218406 0.283908 0.598784 0.661155 0.661155 0.661155
 0.0294017 0.382194 0.806077 0.890042 0.890042 0.890042
 0.0451586 0.587019 1.23807 1.36703 1.36703 1.36703
 0.0632449 0.822124 1.73392 1.91454 1.91454 1.91454
 0.0608995 0.791636 1.66962 1.84354 1.84354 1.84354
 0.128973 1.02695 1.02785 1.02785 1.02785 1.02785
 0.130686 1.04058 1.04149 1.0415 1.0415 1.0415
 0.0455155 0.362416 0.362734 0.362735 0.362735 0.362735
 0.031117 0.327285 0.626227 1.56859 1.56859 1.56859
 0.0527787 0.555121 1.06217 2.66055 2.66055 2.66055
 0.0460111 0.483941 0.925971 2.3194 2.3194 2.3194
 0.0372393 0.39168 0.749439 1.87722 1.87722 1.87722
 0.0201996 0.212457 0.406515 1.01825 1.01825 1.01825
 0.0058865 0.205466 1.0168 1.57468 1.57468 1.57468
 0.00267295 0.0932981 0.461708 0.715032 0.715032 0.715032
 0.00316413 0.110443 0.546553 0.846428 0.846428 0.846428
 0.00497459 0.173636 0.85928 1.33074 1.33074 1.33074
 0.00505955 0.176601 0.873954 1.35346 1.35346 1.35346
 0.0057976 0.202363 1.00144 1.5509 1.5509 1.5509
 0.00528475 0.184462 0.912854 1.41371 1.41371 1.41371
 0.00734079 0.256227 1.268 1.96371 1.96371 1.96371
 0.0219506 0.195592 0.689399 1.15302 1.15302 1.15302
 0.0170659 0.152066 0.535985 0.896434 0.896434 0.896434
 0.0197538 0.176017 0.620405 1.03763 1.03763 1.03763
 0.0142242 0.126746 0.446738 0.747168 0.747168 0.747168
 0.0141652 0.12622 0.444886 0.744071 0.744071 0.744071
 0.010197 0.0908613 0.320257 0.535629 0.535629 0.535629
 0.00818349 0.0729195 0.257018 0.429862 0.429862 0.429862
 0.00542384 0.0483294 0.170346 0.284903 0.284903 0.284903
 0.0030169 0.0268822 0.0947514 0.158471 0.158471 0.158471
 0.00361116 0.0321775 0.113415 0.189687 0.189687 0.189687
 0.00501368 0.0446747 0.157464 0.263358 0.263358 0.263358
 0.00485015 0.0432176 0.152328 0.254768 0.254768 0.254768
Discard F by age and year for each fleet
 fleet 1 Discard F at age
 0 0 0 0 0 0
 0 0 0 0 0 0
 0 0 0 0 0 0
 0 0 0 0 0 0
 0 0 0 0 0 0
 0 0 0 0 0 0
 0 0 0 0 0 0
 0 0 0 0 0 0
 0 0 0 0 0 0
 0 0 0 0 0 0
 0 0 0 0 0 0
 0 0 0 0 0 0
 0 0 0 0 0 0
 0 0 0 0 0 0
 0 0 0 0 0 0
 0 0 0 0 0 0
 0 0 0 0 0 0
 0 0 0 0 0 0
 0 0 0 0 0 0
 0 0 0 0 0 0
 0 0 0 0 0 0
 0 0 0 0 0 0
 0 0 0 0 0 0
 0 0 0 0 0 0
 0 0 0 0 0 0
 0 0 0 0 0 0
 0 0 0 0 0 0
 0 0 0 0 0 0
 0 0 0 0 0 0
 0 0 0 0 0 0
 0 0 0 0 0 0
 0 0 0 0 0 0
 0 0 0 0 0 0
 0 0 0 0 0 0
 0 0 0 0 0 0
 0 0 0 0 0 0
 0 0 0 0 0 0
 0 0 0 0 0 0
 0 0 0 0 0 0
 0 0 0 0 0 0
 0 0 0 0 0 0
Total F
 0.0825548 0.59338 0.60131 0.601316 0.601316 0.601316
 0.210557 1.51343 1.53365 1.53367 1.53367 1.53367
 0.15591 1.12064 1.13561 1.13562 1.13562 1.13562
 0.068446 0.491971 0.498545 0.49855 0.49855 0.49855
 0.102584 0.737346 0.7472 0.747207 0.747207 0.747207
 0.0448158 0.582563 1.22867 1.35665 1.35665 1.35665
 0.0418152 0.543558 1.14641 1.26582 1.26582 1.26582
 0.0312261 0.40591 0.856097 0.945271 0.945271 0.945271
 0.0218406 0.283908 0.598784 0.661155 0.661155 0.661155
 0.0294017 0.382194 0.806077 0.890042 0.890042 0.890042
 0.0451586 0.587019 1.23807 1.36703 1.36703 1.36703
 0.0632449 0.822124 1.73392 1.91454 1.91454 1.91454
 0.0608995 0.791636 1.66962 1.84354 1.84354 1.84354
 0.128973 1.02695 1.02785 1.02785 1.02785 1.02785
 0.130686 1.04058 1.04149 1.0415 1.0415 1.0415
 0.0455155 0.362416 0.362734 0.362735 0.362735 0.362735
 0.031117 0.327285 0.626227 1.56859 1.56859 1.56859
 0.0527787 0.555121 1.06217 2.66055 2.66055 2.66055
 0.0460111 0.483941 0.925971 2.3194 2.3194 2.3194
 0.0372393 0.39168 0.749439 1.87722 1.87722 1.87722
 0.0201996 0.212457 0.406515 1.01825 1.01825 1.01825
 0.0058865 0.205466 1.0168 1.57468 1.57468 1.57468
 0.00267295 0.0932981 0.461708 0.715032 0.715032 0.715032
 0.00316413 0.110443 0.546553 0.846428 0.846428 0.846428
 0.00497459 0.173636 0.85928 1.33074 1.33074 1.33074
 0.00505955 0.176601 0.873954 1.35346 1.35346 1.35346
 0.0057976 0.202363 1.00144 1.5509 1.5509 1.5509
 0.00528475 0.184462 0.912854 1.41371 1.41371 1.41371
 0.00734079 0.256227 1.268 1.96371 1.96371 1.96371
 0.0219506 0.195592 0.689399 1.15302 1.15302 1.15302
 0.0170659 0.152066 0.535985 0.896434 0.896434 0.896434
 0.0197538 0.176017 0.620405 1.03763 1.03763 1.03763
 0.0142242 0.126746 0.446738 0.747168 0.747168 0.747168
 0.0141652 0.12622 0.444886 0.744071 0.744071 0.744071
 0.010197 0.0908613 0.320257 0.535629 0.535629 0.535629
 0.00818349 0.0729195 0.257018 0.429862 0.429862 0.429862
 0.00542384 0.0483294 0.170346 0.284903 0.284903 0.284903
 0.0030169 0.0268822 0.0947514 0.158471 0.158471 0.158471
 0.00361116 0.0321775 0.113415 0.189687 0.189687 0.189687
 0.00501368 0.0446747 0.157464 0.263358 0.263358 0.263358
 0.00485015 0.0432176 0.152328 0.254768 0.254768 0.254768

Average F for ages 4 to 5
Freport unweighted in .std and MCMC files
year    unweighted   Nweighted    Bweighted
1973  0.601316  0.601316  0.601316
1974  1.53367  1.53367  1.53367
1975  1.13562  1.13562  1.13562
1976  0.49855  0.49855  0.49855
1977  0.747207  0.747207  0.747207
1978  1.35665  1.35665  1.35665
1979  1.26582  1.26582  1.26582
1980  0.945271  0.945271  0.945271
1981  0.661155  0.661155  0.661155
1982  0.890042  0.890042  0.890042
1983  1.36703  1.36703  1.36703
1984  1.91454  1.91454  1.91454
1985  1.84354  1.84354  1.84354
1986  1.02785  1.02785  1.02785
1987  1.0415  1.0415  1.0415
1988  0.362735  0.362735  0.362735
1989  1.56859  1.56859  1.56859
1990  2.66055  2.66055  2.66055
1991  2.3194  2.3194  2.3194
1992  1.87722  1.87722  1.87722
1993  1.01825  1.01825  1.01825
1994  1.57468  1.57468  1.57468
1995  0.715032  0.715032  0.715032
1996  0.846428  0.846428  0.846428
1997  1.33074  1.33074  1.33074
1998  1.35346  1.35346  1.35346
1999  1.5509  1.5509  1.5509
2000  1.41371  1.41371  1.41371
2001  1.96371  1.96371  1.96371
2002  1.15302  1.15302  1.15302
2003  0.896434  0.896434  0.896434
2004  1.03763  1.03763  1.03763
2005  0.747168  0.747168  0.747168
2006  0.744071  0.744071  0.744071
2007  0.535629  0.535629  0.535629
2008  0.429862  0.429862  0.429862
2009  0.284903  0.284903  0.284903
2010  0.158471  0.158471  0.158471
2011  0.189687  0.189687  0.189687
2012  0.263358  0.263358  0.263358
2013  0.254768  0.254768  0.254768

Population Numbers at the Start of the Year
 36614.7 23468.7 39194.1 19080.3 10955.6 11728.3
 15063 22486.1 9265.41 15978 7943.4 9750.2
 40910.8 8139.16 3537.67 1486.81 2618.36 2996.17
 20190 23347.4 1896.58 845.232 362.77 1414.96
 68807.1 12575.4 10201.3 856.847 389.967 852.703
 58289.1 41418.3 4299.05 3594.17 308.294 463.573
 50790.1 37173.6 16529.7 935.872 703.041 156.208
 72070.5 32488.5 15425.8 3906.94 200.469 188.446
 183836 46591.5 15471.1 4874.14 1153.13 118.419
 77920.8 119966 25066 6323 1911.31 509.375
 18146.6 50465.6 58499.1 8326.42 1972.2 773.6
 23321.5 11568.9 20050.9 12615.7 1611.88 545.594
 30856.8 14601.6 3633.51 2633.59 1412.56 247.773
 7283.22 19364.8 4727.96 508.94 316.576 204.178
 15019.7 4269.94 4955.55 1258.16 138.308 145.659
 155805 8790.52 1077.9 1300.84 337.277 78.5871
 43085.6 99294.7 4372.16 557.821 687.481 225.062
 10534.2 27856.6 51152.3 1738.51 88.2741 148.094
 3110.76 6664.88 11426.7 13152.9 92.318 12.9943
 2703.21 1981.5 2935.6 3366.86 982.399 8.04168
 3758.33 1737.07 957.121 1031.97 391.317 117.347
 8346.98 2456.59 1003.75 474.098 283.15 143.07
 6846.59 5534.57 1429.48 270.076 74.5698 68.9033
 5665.75 4554.33 3602.81 670.053 100.351 54.99
 13151.8 3766.98 2914.31 1551.41 218.313 52.0434
 7677.89 8728.39 2262.88 917.92 311.432 55.5812
 11370.8 5095.13 5227.74 702.355 180.124 73.681
 5674.14 7540.23 2974.04 1428.37 113.13 41.9702
 4639.37 3764.57 4480.75 887.868 263.904 29.405
 1901.71 3071.72 2082.16 937.807 94.6428 31.9457
 2008.22 1240.86 1805.15 777.25 224.871 31.133
 2890.48 1316.77 761.653 785.574 240.887 81.1111
 9163.47 1890.17 789.123 304.626 211.408 88.8769
 7287.69 6025.5 1189.96 375.472 109.609 110.941
 3437.41 4792.35 3795.36 567.245 135.519 82.159
 5986.79 2269.41 3127.27 2049.35 252.185 99.5699
 6064.38 3960.51 1507.72 1798.84 1012.74 178.428
 4935.53 4022.92 2696.74 945.781 1027.61 696.145
 11200 3281.97 2798.62 1824.47 613.107 1150.46
 2683.37 7443.24 2271.1 1858.39 1146.37 1147.94
 6237.15 1780.79 5086.71 1443.11 1084.75 1382.11

Biomass Time Series
Year, TotJan1B, SSB, ExploitableB
1973  41215.2  22500.1  37890.9
1974  24865.7  9534.15  24785.8
1975  13848.6  3099.36  8098.21
1976  12112.2  3773.33  9776.76
1977  20440  4204.07  10523.6
1978  25924.8  5761  9569.81
1979  24010.3  7175.04  11533.8
1980  27895.2  7789.44  12039.9
1981  37144.5  9883.05  13958.6
1982  51121  18066.6  26984.6
1983  37728.3  16914.9  29802.2
1984  17209.5  5602.15  12712.4
1985  10476.2  2385.29  4954.96
1986  7424.43  2531.18  7782.26
1987  6552.87  1632.05  4030.28
1988  50543.9  2101.86  9190.7
1989  27438.3  9203.42  6000.64
1990  19096.9  9931.87  8268.31
1991  9085.78  4043.47  6687.79
1992  3042.39  1617.56  2702.92
1993  1738.38  921.222  1108.91
1994  1548.97  578.676  698.037
1995  1554.97  847.796  661.623
1996  2460.99  1550.69  1464.87
1997  3734.37  1439.16  1765.83
1998  3922.7  1648.79  1538.09
1999  4401.16  1951.81  2190.65
2000  4178.42  1960.18  2080.73
2001  3694.64  1636.7  2099.8
2002  2271.42  1242.93  1357.77
2003  1619.86  1008.73  1151.64
2004  1341.47  688.587  900.906
2005  1587.97  649.106  668.543
2006  2191.2  1031.14  868.951
2007  2598.73  1712.06  1470.25
2008  3141.79  1964.05  2041.84
2009  3134.74  2084.68  2177.78
2010  3334.72  2518.51  2390.63
2011  4607.95  2906.43  2944.41
2012  4525.57  3167.78  3150.4
2013  4555.12  3295.98  3373.14

q by index
 index 1 q over time
1973  0.622065
1974  0.622065
1975  0.622065
1976  0.622065
1977  0.622065
1978  0.622065
1979  0.622065
1980  0.622065
1981  0.622065
1982  0.622065
1983  0.622065
1984  0.622065
1985  0.622065
1986  0.622065
1987  0.622065
1988  0.622065
1989  0.622065
1990  0.622065
1991  0.622065
1992  0.622065
1993  0.622065
1994  0.622065
1995  0.622065
1996  0.622065
1997  0.622065
1998  0.622065
1999  0.622065
2000  0.622065
2001  0.622065
2002  0.622065
2003  0.622065
2004  0.622065
2005  0.622065
2006  0.622065
2007  0.622065
2008  0.622065
2009  0.622065
2010  0.622065
2011  0.622065
2012  0.622065
2013  0.622065
 index 2 q over time
1973  0.321429
1974  0.321429
1975  0.321429
1976  0.321429
1977  0.321429
1978  0.321429
1979  0.321429
1980  0.321429
1981  0.321429
1982  0.321429
1983  0.321429
1984  0.321429
1985  0.321429
1986  0.321429
1987  0.321429
1988  0.321429
1989  0.321429
1990  0.321429
1991  0.321429
1992  0.321429
1993  0.321429
1994  0.321429
1995  0.321429
1996  0.321429
1997  0.321429
1998  0.321429
1999  0.321429
2000  0.321429
2001  0.321429
2002  0.321429
2003  0.321429
2004  0.321429
2005  0.321429
2006  0.321429
2007  0.321429
2008  0.321429
2009  0.321429
2010  0.321429
2011  0.321429
2012  0.321429
2013  0.321429

Proportions of catch at age by fleet
 fleet 1
Year 1 Obs  =  0.00545691 0.144785 0.320763 0.216458 0.14188 0.170658
Year 1 Pred =  0.0545309 0.206706 0.354623 0.174193 0.100836 0.109111
Year 2 Obs  =  0.0169397 0.555763 0.117739 0.158347 0.0792596 0.0719506
Year 2 Pred =  0.0489177 0.320266 0.134671 0.233982 0.117116 0.145047
Year 3 Obs  =  0.444401 0.220404 0.104175 0.0624274 0.0883052 0.0802875
Year 3 Pred =  0.301624 0.296725 0.131955 0.0559092 0.0991856 0.114601
Year 4 Obs  =  0.0209783 0.66913 0.128152 0.0355435 0.0488043 0.0973913
Year 4 Pred =  0.104986 0.74495 0.0622174 0.0279828 0.0121102 0.0477539
Year 5 Obs  =  0.309764 0.296172 0.304651 0.0316124 0.0173338 0.0404664
Year 5 Pred =  0.326673 0.335535 0.279286 0.0236641 0.0108556 0.0239857
Year 6 Obs  =  0.312325 0.525768 0.0862784 0.0586358 0.00985241 0.00714001
Year 6 Pred =  0.0894256 0.670964 0.115206 0.102182 0.00882666 0.0133959
Year 7 Obs  =  0.00653549 0.632045 0.304111 0.0373155 0.01539 0.00460295
Year 7 Pred =  0.0650029 0.510075 0.380753 0.0229289 0.0173484 0.00389114
Year 8 Obs  =  0.0423678 0.445853 0.303951 0.176525 0.0236043 0.00769905
Year 8 Pred =  0.0855333 0.436635 0.367707 0.100041 0.00517253 0.00491138
Year 9 Obs  =  0.00184512 0.359635 0.409508 0.158789 0.060292 0.00993108
Year 9 Pred =  0.149287 0.450324 0.279644 0.0955835 0.0227961 0.00236596
Year 10 Obs  =  0.00311582 0.669013 0.28135 0.0366404 0.00818395 0.00169595
Year 10 Pred =  0.0361382 0.636125 0.238106 0.0646396 0.0196904 0.00530112
Year 11 Obs  =  0.0355781 0.277899 0.624782 0.0532119 0.00569072 0.00283797
Year 11 Pred =  0.0102327 0.299965 0.574251 0.086688 0.0206777 0.00818619
Year 12 Obs  =  0.0132301 0.165658 0.560028 0.2286 0.024715 0.00776918
Year 12 Pred =  0.0355032 0.169807 0.448471 0.295294 0.0379673 0.0129582
Year 13 Obs  =  0.132837 0.507877 0.142054 0.128653 0.0724979 0.0160816
Year 13 Pred =  0.104426 0.481865 0.184501 0.140164 0.0756604 0.0133833
Year 14 Obs  =  0.0290806 0.662706 0.229467 0.0438627 0.0245907 0.0102922
Year 14 Pred =  0.0489325 0.72994 0.181123 0.0196587 0.0123205 0.00802508
Year 15 Obs  =  0.175854 0.39439 0.288537 0.112927 0.0203659 0.00792683
Year 15 Pred =  0.19804 0.314449 0.370873 0.0949398 0.010515 0.0111836
Year 16 Obs  =  0.621881 0.236617 0.0627855 0.0592714 0.0156964 0.00374839
Year 16 Pred =  0.652489 0.262028 0.0327296 0.0398712 0.010426 0.00245666
Year 17 Obs  =  0.000990723 0.834009 0.142484 0.0202198 0.00216158 0.000135099
Year 17 Pred =  0.0392427 0.857926 0.0645873 0.0144284 0.0179026 0.00591309
Year 18 Obs  =  0.00388127 0.0424697 0.903484 0.048056 0.00199672 0.000112176
Year 18 Pred =  0.0105975 0.243136 0.705957 0.0354426 0.00180939 0.00305726
Year 19 Obs  =  0.0244617 0.0899774 0.298054 0.57427 0.0101263 0.00311108
Year 19 Pred =  0.00594083 0.113505 0.31495 0.561082 0.00396106 0.000561818
Year 20 Obs  =  0.063631 0.198457 0.295016 0.396618 0.0436072 0.00266983
Year 20 Pred =  0.015175 0.102848 0.254545 0.484105 0.142153 0.00117339
Year 21 Obs  =  0.00684541 0.248716 0.253851 0.40559 0.0827153 0.0022818
Year 21 Pred =  0.0409952 0.188314 0.185288 0.39085 0.149327 0.0452252
Year 22 Obs  =  0.08353 0.279849 0.254365 0.192072 0.14488 0.0453044
Year 22 Pred =  0.0244608 0.236616 0.344982 0.20649 0.124158 0.0632936
Year 23 Obs  =  0.00102564 0.347692 0.281026 0.28 0.0584615 0.0317949
Year 23 Pred =  0.0138372 0.38652 0.426047 0.112857 0.03141 0.0293293
Year 24 Obs  =  0.00207792 0.255065 0.587532 0.123636 0.0161039 0.0155844
Year 24 Pred =  0.00677669 0.186786 0.612651 0.156976 0.0236931 0.0131168
Year 25 Obs  =  0.00606277 0.0649073 0.542439 0.328103 0.0410128 0.017475
Year 25 Pred =  0.0164675 0.157229 0.455584 0.315287 0.0446819 0.0107513
Year 26 Obs  =  0.00171233 0.421918 0.399315 0.144863 0.0267123 0.00547945
Year 26 Pred =  0.0097631 0.369489 0.357133 0.187864 0.0641889 0.0115625
Year 27 Obs  =  0.0212177 0.133149 0.655597 0.148216 0.0289053 0.0129151
Year 27 Pred =  0.0121025 0.178485 0.656503 0.112041 0.0289289 0.0119395
Year 28 Obs  =  0.00556242 0.36063 0.440667 0.172435 0.0176143 0.00309023
Year 28 Pred =  0.00653122 0.287929 0.418311 0.258854 0.0206449 0.00772953
Year 29 Obs  =  0 0.155885 0.614074 0.17261 0.0438624 0.0135689
Year 29 Pred =  0.00612633 0.159784 0.63054 0.152736 0.045682 0.00513196
Year 30 Obs  =  0.00341797 0.187988 0.563477 0.228027 0.0166016 0.000488281
Year 30 Pred =  0.0164371 0.225451 0.441664 0.278487 0.0283114 0.00964882
