Age Structured Assessment Program (ASAP) Version 3.0
Start time for run: Fri Nov 17 11:08:43 2017

obj_fun        = 2693.62

Component                Lambda          obj_fun
__Catch_Fleet_1               1          -54.7955
Catch_Fleet_Total             1          -54.7955
Discard_Fleet_Total           0          0
__Index_Fit_1                 1          -21.0012
__Index_Fit_2                 1          8.21422
Index_Fit_Total               2          -12.787
Catch_Age_Comps       see_below          1484.33
Discard_Age_Comps     see_below          0
Index_Age_Comps       see_below          1276.87
__Sel_Param_1                 0          0
__Sel_Param_2                 0          -0
__Sel_Param_3                 0          -0
__Sel_Param_7                 0          0
__Sel_Param_8                 0          -0
__Sel_Param_9                 0          -0
__Sel_Param_13                0          0
__Sel_Param_14                0          0
__Sel_Param_15                0          -0
__Sel_Param_19                0          0
__Sel_Param_20                0          -0
__Sel_Param_21                0          0
__Sel_Param_25                0          0
__Sel_Param_26                0          0
__Sel_Param_27                0          -0
__Sel_Param_31                0          0
__Sel_Param_32                0          -0
__Sel_Param_33                0          -0
Sel_Params_Total              0          0
__Index_Sel_Param_1           0          0
__Index_Sel_Param_2           0          0
__Index_Sel_Param_3           0          -0
__Index_Sel_Param_7           0          -0
__Index_Sel_Param_8           0          -0
__Index_Sel_Param_9           0          -0
Index_Sel_Params_Total        0          0
q_year1_Total                 0          0
q_devs_Total                  0          0
__Fmult_year1_fleet_1         0          -0
Fmult_year1_fleet_Total       0          0
Fmult_devs_fleet_Total        0          0
N_year_1                      0          0
Recruit_devs                  0          0
SR_steepness                  0          0
SR_scaler                     0          0
Fmult_Max_penalty          1000          0
F_penalty                     0          0

 Input and Estimated effective sample sizes for fleet 1
1973  18  49.9529
1974  18  12.2393
1975  18  28.4015
1976  18  18.4982
1977  18  193.311
1978  18  6.82752
1979  18  26.0873
1980  18  50.4664
1981  18  12.378
1982  18  114.116
1983  18  112.388
1984  18  43.312
1985  18  231.782
1986  18  49.4694
1987  18  53.7907
1988  18  149.372
1989  18  28.1959
1990  18  5.38806
1991  18  309.209
1992  18  23.4545
1993  18  51.4707
1994  18  51.1134
1995  18  12.2563
1996  37  90.7094
1997  37  40.89
1998  37  96.6775
1999  37  141.78
2000  37  55.848
2001  37  548.147
2002  37  34.0478
2003  37  78.0955
2004  37  12.2211
2005  37  57.4616
2006  37  49.217
2007  37  1361
2008  37  46.2133
2009  37  97.6022
2010  37  105.672
2011  37  54.9029
2012  37  52.6093
2013  37  45.0343
2014  37  29.7204
 Total  1117  4631.33

 Input and Estimated effective Discard sample sizes for fleet 1
1973  0  0
1974  0  0
1975  0  0
1976  0  0
1977  0  0
1978  0  0
1979  0  0
1980  0  0
1981  0  0
1982  0  0
1983  0  0
1984  0  0
1985  0  0
1986  0  0
1987  0  0
1988  0  0
1989  0  0
1990  0  0
1991  0  0
1992  0  0
1993  0  0
1994  0  0
1995  0  0
1996  0  0
1997  0  0
1998  0  0
1999  0  0
2000  0  0
2001  0  0
2002  0  0
2003  0  0
2004  0  0
2005  0  0
2006  0  0
2007  0  0
2008  0  0
2009  0  0
2010  0  0
2011  0  0
2012  0  0
2013  0  0
2014  0  0
 Total  0  0

Observed and predicted total fleet catch by year and standardized residual
 fleet 1 total catches
1973  14549  14964.2  -0.142093
1974  17088  17060.4  0.00816017
1975  5732  5118.9  0.57122
1976  3436  3343.5  0.137793
1977  5223  5059.19  0.160902
1978  8085  7649.67  0.279477
1979  9883  8506.02  0.757628
1980  8021  7134.59  0.591331
1981  6607  6389.12  0.169327
1982  15764  15658.2  0.0339964
1983  22211  21200.6  0.235083
1984  11225  10269.8  0.449072
1985  4817  4436.73  0.415231
1986  4620  4358.48  0.294241
1987  2652  2381.62  0.542988
1988  2782  2559.34  0.421235
1989  8349  6326.78  1.40046
1990  17916  11762.6  2.12466
1991  6430  6211.39  0.174658
1992  2695  2253.73  0.902898
1993  771  673.269  0.684413
1994  735  561.027  1.36386
1995  343  332.144  0.162405
1996  759  824.028  -0.415078
1997  1222  1284.64  -0.252412
1998  1087  1207.68  -0.531622
1999  1403  1834.72  -1.35466
2000  1397  1628.5  -0.774246
2001  1449  1963.49  -1.53426
2002  945  934.406  0.0569252
2003  666  645.749  0.15592
2004  619  549.182  0.604291
2005  346  336.495  0.14065
2006  396  456.941  -0.722774
2007  502  586.194  -0.782915
2008  583  655.041  -0.58831
2009  453  488.025  -0.376056
2010  291  322.57  -0.520077
2011  390  504.355  -1.29838
2012  563  794.984  -1.74226
2013  646  841.948  -1.33769
2014  625  685.423  -0.465984
Observed and predicted total fleet Discards by year and standardized residual
 fleet 1 total Discards
1973  0  0  0
1974  0  0  0
1975  0  0  0
1976  0  0  0
1977  0  0  0
1978  0  0  0
1979  0  0  0
1980  0  0  0
1981  0  0  0
1982  0  0  0
1983  0  0  0
1984  0  0  0
1985  0  0  0
1986  0  0  0
1987  0  0  0
1988  0  0  0
1989  0  0  0
1990  0  0  0
1991  0  0  0
1992  0  0  0
1993  0  0  0
1994  0  0  0
1995  0  0  0
1996  0  0  0
1997  0  0  0
1998  0  0  0
1999  0  0  0
2000  0  0  0
2001  0  0  0
2002  0  0  0
2003  0  0  0
2004  0  0  0
2005  0  0  0
2006  0  0  0
2007  0  0  0
2008  0  0  0
2009  0  0  0
2010  0  0  0
2011  0  0  0
2012  0  0  0
2013  0  0  0
2014  0  0  0

Index data
index number 1
aggregate units = 2
proportions units = 2
month = 4
starting and ending ages for selectivity = 1  6
selectivity choice = -1
 year, obs index, pred index, standardized residual
1973  45993.3  42612.2  0.351212
1974  18318.7  20955.1  -0.430635
1975  4839.41  6388.86  -0.977468
1976  5942.61  7420.7  -0.73329
1977  6925.37  8045.3  -0.398365
1978  18730.7  12741.9  1.40232
1979  5889.55  14700.2  -2.92948
1980  14774.4  15435.1  -0.192689
1981  27000.5  21619.9  0.782082
1982  43523.9  40908.1  0.21812
1983  30456.2  34477.8  -0.503715
1984  8397.88  13940.9  -1.84488
1985  6074.29  6013.44  0.0288403
1986  7020.75  5824.91  0.822429
1987  1593.48  3318.11  -2.21764
1988  2035.3  5063.35  -2.61075
1989  17077.9  25309.6  -1.43194
1990  25849.5  23853.2  0.265325
1991  11510  10116.7  0.545227
1992  3741.82  3257.18  0.472514
1993  1493.45  1582.39  -0.179917
1994  529.85  1394.69  -2.5721
1995  2393.74  2191.81  0.30021
1996  3908.97  2963.96  0.814111
1997  4137.04  2903.07  0.824856
1998  6162.7  3527.24  1.73556
1999  5117.79  3508.12  1.66331
2000  4801.36  3573.77  1.07478
2001  2626.64  2817.34  -0.211905
2002  2910.49  2028.72  0.807863
2003  750.44  1539.41  -1.63998
2004  1002.58  1171.84  -0.356079
2005  1143.77  1171.97  -0.0716464
2006  3334.65  2249.37  0.864658
2007  2429.57  3037.66  -0.760913
2008  2112.49  3066.45  -0.604461
2009  3367.55  3112.79  0.251951
2010  4738.41  3353.5  2.67039
2011  3828.25  3667.97  0.253389
2012  4154.04  4231.52  -0.0981315
2013  3713.59  3749.02  -0.0531775
2014  2678.69  3419.85  -0.920842
index number 2
aggregate units = 2
proportions units = 2
month = 10
starting and ending ages for selectivity = 1  6
selectivity choice = -1
 year, obs index, pred index, standardized residual
1973  17343  18604.3  -0.141097
1974  7069.14  5910.7  0.36584
1975  3338  4510.23  -0.542775
1976  10016.5  5411.16  1.43396
1977  5279.03  7816.9  -0.95302
1978  8912.42  10296.3  -0.413483
1979  7917.85  10366.9  -0.918043
1980  6111.82  12365.9  -1.57743
1981  24538.3  24086.1  0.0547106
1982  35005.5  28108.1  0.456403
1983  27070.6  14406.4  1.56496
1984  6421.5  5127.39  0.598105
1985  1397.52  4302.64  -2.61871
1986  3102.43  2908.61  0.15662
1987  2330.01  2079.72  0.232292
1988  5754.22  12919.6  -2.37929
1989  11846.9  19496.9  -1.236
1990  5562.57  10056.1  -1.37888
1991  2649.75  3150.64  -0.44942
1992  629.04  1181.39  -1.1704
1993  579.77  934.485  -1.06852
1994  1704.84  1222.97  0.69087
1995  1389.37  1855.37  -0.415335
1996  1066.77  1961.84  -1.13139
1997  3556.07  2182.12  1.21162
1998  3107.97  2509.43  0.444892
1999  2256.89  2383.67  -0.0855446
2000  2545.21  2247.78  0.214948
2001  1413.65  1464.74  -0.0669331
2002  3443.4  1098.55  2.18748
2003  1953.92  805.6  1.49248
2004  303.12  691.341  -1.92004
2005  3025.86  1218.64  2.60524
2006  4060.28  1868.25  1.92588
2007  1983.45  1914.38  0.072446
2008  3774.11  1803.41  1.59194
2009  1949.61  1937.98  0.0186089
2010  14077.9  2087.3  3.83622
2011  2300.53  2433.86  -0.0861999
2012  5822.16  2413.26  2.05089
2013  1669.98  2047.15  -0.693688
2014  422.761  1728  -2.8779

Input effective sample sizes by index (row=index, column=year)
 12 12 12 12 12 12 12 12 12 12 12 12 12 12 12 12 12 12 12 12 12 12 12 12 12 12 12 12 12 12 12 12 12 12 12 12 12 12 12 12 12 12
 12 12 12 12 12 12 12 12 12 12 12 12 12 12 12 12 12 12 12 12 12 12 12 12 12 12 12 12 12 12 12 12 12 12 12 12 12 12 12 12 12 12
Estimated effective sample sizes by index (row=index, column=year)
 118.554 140.719 49.7856 167.246 27.0725 22.3043 19.1634 82.4818 14.3358 337.599 68.9684 9.10412 34.5383 83.4848 7.71195 9.47251 96.7435 5.5214 31.4231 5.53802 15.9979 4.33839 6.38131 9.61104 26.9213 7.82481 18.7451 8.80952 5.02751 3.78228 170.849 7.68667 13.1637 14.3255 93.7741 17.7054 191.067 44.6096 77.2863 23.7047 25.6041 47.1783
 224.918 61.9433 126.95 410.648 19.1935 19.1959 28.0666 9.33835 18.0363 23.3185 24.4526 52.6088 42.6247 494.929 84.3457 120.832 9.16125 62.765 8.28271 3.38717 4.95287 115.813 15.3401 4.65161 4.80601 33.7528 5.67097 10.8528 18.0426 50.728 1.9541 12.6225 13.1162 58.2145 9.69081 34.294 53.2984 16.2472 18.678 56.6293 40.2575 92.0911

Index proportions at age by index
 Index number 1
Year 1973 Obs  =  0.0198451 0.120089 0.328147 0.184446 0.143075 0.204398
Year 1973 Pred =  0.00964438 0.117329 0.342665 0.241037 0.139185 0.15014
Year 1974 Obs  =  0.0323298 0.136895 0.16135 0.31115 0.189779 0.168497
Year 1974 Pred =  0.00780964 0.182901 0.130317 0.322291 0.159436 0.197246
Year 1975 Obs  =  0.0856282 0.312654 0.0932841 0.120837 0.216884 0.170713
Year 1975 Pred =  0.0699532 0.238562 0.180818 0.10809 0.187999 0.214578
Year 1976 Obs  =  0.00317032 0.723716 0.0976154 0.0468649 0.0445141 0.0841196
Year 1976 Pred =  0.0305564 0.685437 0.0966961 0.0617245 0.0259492 0.0996373
Year 1977 Obs  =  0.219988 0.235979 0.416121 0.038011 0.0237893 0.066112
Year 1977 Pred =  0.0947865 0.32211 0.453275 0.0542046 0.0243338 0.0512901
Year 1978 Obs  =  0.163612 0.634234 0.112641 0.0480981 0.0156262 0.0257877
Year 1978 Pred =  0.051363 0.693579 0.106556 0.123198 0.010361 0.0149429
Year 1979 Obs  =  0.166619 0.492719 0.26245 0.0472567 0.0205789 0.010376
Year 1979 Pred =  0.0385988 0.545076 0.363052 0.0279774 0.0208715 0.00442422
Year 1980 Obs  =  0.0450794 0.441312 0.299064 0.188574 0.0185713 0.00739997
Year 1980 Pred =  0.0523154 0.466958 0.347904 0.121152 0.00606015 0.00561106
Year 1981 Obs  =  0.0314469 0.676331 0.175683 0.0906099 0.0217581 0.00417067
Year 1981 Pred =  0.0959632 0.493397 0.264711 0.116424 0.0268417 0.00266321
Year 1982 Obs  =  0.00781571 0.688143 0.223391 0.0560099 0.0183577 0.00628276
Year 1982 Pred =  0.0215684 0.658575 0.216006 0.0756221 0.0224188 0.00580891
Year 1983 Obs  =  0.00217755 0.355656 0.589323 0.0400614 0.0115651 0.00121683
Year 1983 Pred =  0.0059752 0.314102 0.540392 0.105569 0.0245666 0.00939604
Year 1984 Obs  =  0.00932379 0.110034 0.218891 0.530741 0.0806514 0.0503592
Year 1984 Pred =  0.018775 0.168893 0.40658 0.347463 0.0438243 0.0144655
Year 1985 Obs  =  0.0734474 0.443816 0.111607 0.132179 0.196384 0.042568
Year 1985 Pred =  0.0573829 0.493336 0.173297 0.169846 0.0905593 0.0155789
Year 1986 Obs  =  0.00387138 0.688603 0.217933 0.056306 0.0295353 0.00375174
Year 1986 Pred =  0.0138037 0.633778 0.270339 0.0409236 0.0251008 0.0160545
Year 1987 Obs  =  0 0.0906324 0.73468 0.174688 0 0
Year 1987 Pred =  0.0494566 0.244259 0.490921 0.177029 0.0188467 0.0194877
Year 1988 Obs  =  0.197465 0.292743 0.102191 0.142559 0.241389 0.0236525
Year 1988 Pred =  0.345388 0.388638 0.0824558 0.14007 0.0355224 0.00792648
Year 1989 Obs  =  0.0134577 0.932524 0.0446138 0.00940397 0 0
Year 1989 Pred =  0.0192246 0.893736 0.0637268 0.00905626 0.0108192 0.00343728
Year 1990 Obs  =  0.00491306 0.0266775 0.843523 0.121401 0.00348479 0
Year 1990 Pred =  0.00494704 0.251963 0.716869 0.0232463 0.00113818 0.00183712
Year 1991 Obs  =  0.0301034 0.0733666 0.309697 0.512925 0.0664961 0.00741182
Year 1991 Pred =  0.00345702 0.144433 0.391487 0.457074 0.00313396 0.00041418
Year 1992 Obs  =  0.00879786 0.0226467 0.255114 0.713442 0 0
Year 1992 Pred =  0.00940198 0.136797 0.326734 0.408122 0.118009 0.000937076
Year 1993 Obs  =  0.0181995 0.283464 0.125388 0.493836 0.0791121 0
Year 1993 Pred =  0.0269231 0.259541 0.239417 0.318461 0.119965 0.0356919
Year 1994 Obs  =  0 0.721072 0.0439936 0 0.183448 0.0514863
Year 1994 Pred =  0.0677719 0.415982 0.245325 0.144077 0.0845044 0.0423405
Year 1995 Obs  =  0.0110037 0.815832 0.0476576 0.0643512 0.0130507 0.0481046
Year 1995 Pred =  0.0355097 0.610795 0.255841 0.0646959 0.0174126 0.0157456
Year 1996 Obs  =  0 0.16995 0.557214 0.242165 0.0306704 0
Year 1996 Pred =  0.0217262 0.371267 0.465504 0.115679 0.0169018 0.00892093
Year 1997 Obs  =  0.0212567 0.357553 0.462065 0.132015 0.0271112 0
Year 1997 Pred =  0.0512326 0.30862 0.356861 0.242005 0.0335802 0.00770088
Year 1998 Obs  =  0.0184075 0.817895 0.104595 0.0436838 0.00984633 0.00557223
Year 1998 Pred =  0.0245561 0.585253 0.226899 0.117384 0.0390793 0.00682795
Year 1999 Obs  =  0.0115812 0.21242 0.630265 0.113956 0.0242937 0.00748371
Year 1999 Pred =  0.0366809 0.340445 0.50741 0.085371 0.0214908 0.00860264
Year 2000 Obs  =  0.00668352 0.403184 0.516162 0.0684848 0.00548595 0
Year 2000 Pred =  0.0180307 0.498562 0.28931 0.175537 0.01363 0.00493042
Year 2001 Obs  =  0 0.0440601 0.736538 0.152541 0.0522797 0.0145814
Year 2001 Pred =  0.0187084 0.311357 0.509422 0.121364 0.0353188 0.00383077
Year 2002 Obs  =  0.0280158 0.683831 0.135028 0.114726 0.0383989 0
Year 2002 Pred =  0.010581 0.358173 0.382227 0.22002 0.0218062 0.00719301
Year 2003 Obs  =  0.0688254 0.167473 0.452382 0.239083 0.0722367 0
Year 2003 Pred =  0.0147154 0.192222 0.452344 0.258558 0.0723775 0.0097824
Year 2004 Obs  =  0.0271103 0.226578 0.486959 0.137058 0.090288 0.0320077
Year 2004 Pred =  0.0275323 0.265809 0.244868 0.329899 0.0995361 0.0323555
Year 2005 Obs  =  0.214711 0.300087 0.141208 0.0984027 0.222562 0.0230291
Year 2005 Pred =  0.0860617 0.38233 0.263714 0.136842 0.092948 0.0381041
Year 2006 Obs  =  0.0251601 0.793738 0.112273 0.0530311 0 0.0157978
Year 2006 Pred =  0.0348717 0.624843 0.204469 0.0866765 0.0247819 0.024357
Year 2007 Obs  =  0 0.396358 0.543565 0.0600765 0 0
Year 2007 Pred =  0.0118691 0.362908 0.488528 0.0999058 0.0232252 0.0135648
Year 2008 Obs  =  0 0.0393185 0.541915 0.379794 0.038973 0
Year 2008 Pred =  0.0197741 0.166465 0.395688 0.3589 0.0429261 0.0162465
Year 2009 Obs  =  0.0394994 0.241036 0.218994 0.335979 0.152724 0.0117682
Year 2009 Pred =  0.0187596 0.277995 0.187059 0.314567 0.172449 0.0291704
Year 2010 Obs  =  0.028606 0.317117 0.357211 0.128131 0.157784 0.0111508
Year 2010 Pred =  0.0145357 0.250483 0.306178 0.155061 0.165305 0.108438
Year 2011 Obs  =  0.0778745 0.228946 0.261031 0.274736 0.0741135 0.0832994
Year 2011 Pred =  0.0277859 0.191 0.273827 0.261093 0.0874818 0.158811
Year 2012 Obs  =  0.0124972 0.494904 0.111692 0.153304 0.108417 0.119185
Year 2012 Pred =  0.00744697 0.343373 0.191514 0.206142 0.127384 0.12414
Year 2013 Obs  =  0.103919 0.0865375 0.532516 0.153936 0.0683925 0.054699
Year 2013 Pred =  0.0149862 0.119319 0.435924 0.172359 0.114051 0.14336
Year 2014 Obs  =  0.00522717 0.241932 0.205972 0.423406 0.0859643 0.0374992
Year 2014 Pred =  0.0050576 0.233847 0.147987 0.381074 0.0913396 0.140695
 Index number 2
Year 1973 Obs  =  0.119324 0.150538 0.340303 0.18644 0.132132 0.071264
Year 1973 Pred =  0.137165 0.161834 0.319655 0.171803 0.100153 0.10939
Year 1974 Obs  =  0.143825 0.226914 0.0805289 0.316983 0.134204 0.0975437
Year 1974 Pred =  0.161318 0.246529 0.118064 0.2231 0.11142 0.13957
Year 1975 Obs  =  0.571739 0.157148 0.0579031 0.0870644 0.0831009 0.0430439
Year 1975 Pred =  0.592582 0.155087 0.0792099 0.0361791 0.0635264 0.0734159
Year 1976 Obs  =  0.274768 0.58828 0.048958 0.00646431 0.0102111 0.071319
Year 1976 Pred =  0.262047 0.595776 0.0568817 0.0277432 0.0117747 0.0457777
Year 1977 Obs  =  0.510178 0.324685 0.127419 0.00740478 0.0063383 0.0239741
Year 1977 Pred =  0.599546 0.185307 0.176183 0.0160981 0.00729579 0.0155706
Year 1978 Obs  =  0.277989 0.637789 0.0395617 0.0315021 0.00320452 0.00995354
Year 1978 Pred =  0.402401 0.51973 0.0387726 0.0323407 0.00274584 0.00400972
Year 1979 Obs  =  0.224595 0.493926 0.237504 0.0361866 0.0039531 0.00383438
Year 1979 Pred =  0.347051 0.477856 0.158186 0.00882952 0.00664981 0.00142725
Year 1980 Obs  =  0.224752 0.566796 0.147518 0.0609345 0 0
Year 1980 Pred =  0.416242 0.386053 0.154387 0.0394577 0.00199256 0.00186801
Year 1981 Obs  =  0.456806 0.461127 0.0657022 0.00959521 0.00556436 0.00120465
Year 1981 Pred =  0.5517 0.312284 0.0964417 0.0315053 0.00733292 0.000736682
Year 1982 Obs  =  0.0807355 0.712466 0.175838 0.0214155 0.00954477 0
Year 1982 Pred =  0.200305 0.643734 0.115104 0.0296536 0.00887497 0.00232839
Year 1983 Obs  =  0.098224 0.584359 0.290064 0.0240021 0.00198149 0.00136901
Year 1983 Pred =  0.0905444 0.456123 0.381932 0.05385 0.0126509 0.00489924
Year 1984 Obs  =  0.315164 0.278223 0.333711 0.0729019 0 0
Year 1984 Pred =  0.320285 0.247289 0.253578 0.152876 0.0194658 0.00650573
Year 1985 Obs  =  0.58855 0.297584 0.075863 0.038003 0 0
Year 1985 Pred =  0.503603 0.375303 0.056833 0.0393747 0.0211944 0.00369175
Year 1986 Obs  =  0.173763 0.602503 0.169521 0.0486617 0.00555047 0
Year 1986 Pred =  0.167703 0.614015 0.176937 0.0204653 0.0126724 0.00820682
Year 1987 Obs  =  0.498792 0.24245 0.211192 0.0194377 0.0163604 0.0117682
Year 1987 Pred =  0.47775 0.185596 0.251959 0.0694223 0.0074613 0.00781174
Year 1988 Obs  =  0.872351 0.0634683 0.0281498 0.0281116 0.00263981 0.00527961
Year 1988 Pred =  0.85656 0.103264 0.0148507 0.0192756 0.00493505 0.001115
Year 1989 Obs  =  0.00190176 0.863039 0.119851 0.0142636 0.000944549 0
Year 1989 Pred =  0.159135 0.801663 0.0333618 0.00225121 0.00271513 0.000873404
Year 1990 Obs  =  0.0049042 0.351089 0.596556 0.047451 0 0
Year 1990 Pred =  0.0740236 0.368057 0.550995 0.00612693 0.00030285 0.000494949
Year 1991 Obs  =  0.20822 0.0898802 0.566416 0.135484 0 0
Year 1991 Pred =  0.0702695 0.296457 0.437237 0.19451 0.0013464 0.000180168
Year 1992 Obs  =  0.305953 0.0435895 0.130785 0.519673 0 0
Year 1992 Pred =  0.164808 0.25255 0.342241 0.185745 0.0542208 0.000435947
Year 1993 Obs  =  0.559584 0.0470531 0.218863 0.1745 0 0
Year 1993 Pred =  0.292292 0.321867 0.182607 0.135955 0.0517033 0.0155755
Year 1994 Obs  =  0.496639 0.300738 0.0720595 0.0782009 0.0355928 0.0167699
Year 1994 Pred =  0.499162 0.349342 0.0924705 0.0311889 0.0184676 0.00936902
Year 1995 Obs  =  0.114922 0.533324 0.212714 0.0954239 0 0.0436166
Year 1995 Pred =  0.271364 0.56229 0.132261 0.0224167 0.00609096 0.00557684
Year 1996 Obs  =  0.482733 0.173197 0.34407 0 0 0
Year 1996 Pred =  0.212285 0.433473 0.295286 0.0480743 0.00709112 0.00378965
Year 1997 Obs  =  0.265647 0.167671 0.471445 0.0875939 0.00764327 0
Year 1997 Pred =  0.440419 0.307479 0.170555 0.0695425 0.00974171 0.00226203
Year 1998 Obs  =  0.328991 0.598934 0.0456372 0.0179634 0 0.00847493
Year 1998 Pred =  0.223015 0.61472 0.11335 0.0350507 0.0117804 0.00208405
Year 1999 Obs  =  0.630119 0.199403 0.142041 0.0142187 0.0142187 0
Year 1999 Pred =  0.348676 0.369602 0.248926 0.0241653 0.00614131 0.00248912
Year 2000 Obs  =  0.0222849 0.753349 0.13677 0.0772468 0 0.0103488
Year 2000 Pred =  0.185206 0.590253 0.160654 0.0577063 0.00452351 0.0016568
Year 2001 Obs  =  0.317228 0.496389 0.128702 0.0576805 0 0
Year 2001 Pred =  0.23225 0.430715 0.28804 0.0369478 0.010855 0.00119212
Year 2002 Obs  =  0.0845937 0.583246 0.285288 0.0468723 0 0
Year 2002 Pred =  0.125179 0.489329 0.277366 0.0953932 0.00954467 0.00318785
Year 2003 Obs  =  0.687923 0.00486205 0.157919 0.134709 0 0.0145861
Year 2003 Pred =  0.180585 0.277841 0.366775 0.132296 0.0373869 0.00511645
Year 2004 Obs  =  0.26624 0.371086 0 0.0871631 0.181485 0.0940253
Year 2004 Pred =  0.299291 0.336588 0.168702 0.139103 0.0423703 0.0139456
Year 2005 Obs  =  0.716918 0.176092 0.0703533 0.0184575 0.0181799 0
Year 2005 Pred =  0.532214 0.281377 0.11203 0.0377489 0.0258852 0.0107446
Year 2006 Obs  =  0.337416 0.608829 0.0483145 0.00544052 0 0
Year 2006 Pred =  0.269943 0.574975 0.108265 0.0297084 0.00857508 0.00853366
Year 2007 Obs  =  0.129778 0.648543 0.206362 0 0.0153167 0
Year 2007 Pred =  0.121323 0.447854 0.3621 0.0500357 0.0117429 0.00694443
Year 2008 Obs  =  0.324301 0.119845 0.326725 0.2036 0.0179777 0.00755143
Year 2008 Pred =  0.216812 0.222108 0.32412 0.203048 0.0245172 0.00939544
Year 2009 Obs  =  0.224905 0.371765 0.222819 0.167508 0.0130026 0
Year 2009 Pred =  0.194578 0.354941 0.151359 0.18148 0.100439 0.0172025
Year 2010 Obs  =  0.0302032 0.463575 0.255527 0.184468 0.0662268 0
Year 2010 Pred =  0.151 0.323622 0.257926 0.0958236 0.103129 0.0684989
Year 2011 Obs  =  0.135657 0.236183 0.325036 0.199634 0.0948715 0.00861844
Year 2011 Pred =  0.27059 0.230187 0.212234 0.146422 0.0495284 0.0910385
Year 2012 Obs  =  0.0517669 0.543585 0.217325 0.123266 0.0296452 0.0344121
Year 2012 Pred =  0.0842441 0.474633 0.164366 0.123584 0.0770973 0.0760748
Year 2013 Obs  =  0.14767 0.153234 0.504613 0.108274 0.0552103 0.0309992
Year 2013 Pred =  0.176988 0.171606 0.385662 0.105528 0.0704951 0.0897208
Year 2014 Obs  =  0.0975729 0.388208 0.156476 0.295723 0 0.0620209
Year 2014 Pred =  0.0645972 0.365884 0.144786 0.262282 0.0634664 0.0989853

Index Selectivity at Age
 0.0181829 0.390478 0.689005 1 1 1
 0.296287 0.775842 0.911267 1 1 1

Deviations section: only applicable if associated lambda > 0
Nyear1 observed, expected, standardized residual
N/A

Fleet Obs, Initial, and Stadardized Residual for Fmult
N/A

Standardized Residuals for Fmult_devs by fleet and year
N/A

Index Obs, Initial, and Standardized Residual for q_year1
N/A

Standardized Residuals for catchability deviations by index and year
N/A

Obs, Initial, and Stadardized Residual for SR steepness
N/A

Obs, Initial, and Stadardized Residual for SR scaler
N/A

End of Deviations Section

Selectivity by age and year for each fleet
 fleet 1 selectivity at age
 0.136568 0.986738 0.999997 1 1 1
 0.136568 0.986738 0.999997 1 1 1
 0.136568 0.986738 0.999997 1 1 1
 0.136568 0.986738 0.999997 1 1 1
 0.136568 0.986738 0.999997 1 1 1
 0.0331248 0.433233 0.917164 1 1 1
 0.0331248 0.433233 0.917164 1 1 1
 0.0331248 0.433233 0.917164 1 1 1
 0.0331248 0.433233 0.917164 1 1 1
 0.0331248 0.433233 0.917164 1 1 1
 0.0331248 0.433233 0.917164 1 1 1
 0.0331248 0.433233 0.917164 1 1 1
 0.0331248 0.433233 0.917164 1 1 1
 0.123758 0.990153 0.999998 1 1 1
 0.123758 0.990153 0.999998 1 1 1
 0.123758 0.990153 0.999998 1 1 1
 0.0197962 0.211531 0.40197 1 1 1
 0.0197962 0.211531 0.40197 1 1 1
 0.0197962 0.211531 0.40197 1 1 1
 0.0197962 0.211531 0.40197 1 1 1
 0.0197962 0.211531 0.40197 1 1 1
 0.00370471 0.130049 0.644985 1 1 1
 0.00370471 0.130049 0.644985 1 1 1
 0.00370471 0.130049 0.644985 1 1 1
 0.00370471 0.130049 0.644985 1 1 1
 0.00370471 0.130049 0.644985 1 1 1
 0.00370471 0.130049 0.644985 1 1 1
 0.00370471 0.130049 0.644985 1 1 1
 0.00370471 0.130049 0.644985 1 1 1
 0.0187755 0.169029 0.58431 1 1 1
 0.0187755 0.169029 0.58431 1 1 1
 0.0187755 0.169029 0.58431 1 1 1
 0.0187755 0.169029 0.58431 1 1 1
 0.0187755 0.169029 0.58431 1 1 1
 0.0187755 0.169029 0.58431 1 1 1
 0.0187755 0.169029 0.58431 1 1 1
 0.0187755 0.169029 0.58431 1 1 1
 0.0187755 0.169029 0.58431 1 1 1
 0.0187755 0.169029 0.58431 1 1 1
 0.0187755 0.169029 0.58431 1 1 1
 0.0187755 0.169029 0.58431 1 1 1
 0.0187755 0.169029 0.58431 1 1 1

Fmult by year for each fleet
1973   0.619766
1974   1.55197
1975   1.17045
1976   0.516068
1977   0.770803
1978   1.38622
1979   1.29014
1980   0.972096
1981   0.683187
1982   0.907938
1983   1.37668
1984   1.9276
1985   1.87814
1986   1.05996
1987   1.09161
1988   0.378241
1989   1.59091
1990   2.67945
1991   2.32696
1992   1.88779
1993   1.04081
1994   1.60841
1995   0.738139
1996   0.866503
1997   1.35006
1998   1.38331
1999   1.58212
2000   1.4374
2001   1.97187
2002   1.18332
2003   0.920354
2004   1.06762
2005   0.782712
2006   0.797865
2007   0.591435
2008   0.485958
2009   0.332909
2010   0.195951
2011   0.262154
2012   0.431521
2013   0.476371
2014   0.397481

Directed F by age and year for each fleet
 fleet 1 directed F at age
 0.0846403 0.611547 0.619765 0.619766 0.619766 0.619766
 0.21195 1.53139 1.55197 1.55197 1.55197 1.55197
 0.159846 1.15493 1.17045 1.17045 1.17045 1.17045
 0.0704785 0.509224 0.516067 0.516068 0.516068 0.516068
 0.105267 0.76058 0.770801 0.770803 0.770803 0.770803
 0.0459181 0.600555 1.27139 1.38622 1.38622 1.38622
 0.0427356 0.558931 1.18327 1.29014 1.29014 1.29014
 0.0322005 0.421144 0.891572 0.972096 0.972096 0.972096
 0.0226304 0.295979 0.626595 0.683187 0.683187 0.683187
 0.0300752 0.393349 0.832728 0.907938 0.907938 0.907938
 0.0456021 0.596422 1.26264 1.37668 1.37668 1.37668
 0.0638514 0.835101 1.76793 1.9276 1.9276 1.9276
 0.062213 0.813672 1.72256 1.87814 1.87814 1.87814
 0.131178 1.04952 1.05995 1.05996 1.05996 1.05996
 0.135096 1.08086 1.09161 1.09161 1.09161 1.09161
 0.0468105 0.374517 0.37824 0.378241 0.378241 0.378241
 0.0314939 0.336526 0.639496 1.59091 1.59091 1.59091
 0.0530429 0.566787 1.07706 2.67945 2.67945 2.67945
 0.046065 0.492224 0.935368 2.32696 2.32696 2.32696
 0.037371 0.399326 0.758834 1.88779 1.88779 1.88779
 0.0206041 0.220164 0.418375 1.04081 1.04081 1.04081
 0.0059587 0.209172 1.0374 1.60841 1.60841 1.60841
 0.00273459 0.095994 0.476089 0.738139 0.738139 0.738139
 0.00321015 0.112688 0.558882 0.866503 0.866503 0.866503
 0.00500158 0.175573 0.870767 1.35006 1.35006 1.35006
 0.00512477 0.179898 0.892214 1.38331 1.38331 1.38331
 0.00586132 0.205753 1.02045 1.58212 1.58212 1.58212
 0.00532515 0.186932 0.927101 1.4374 1.4374 1.4374
 0.00730521 0.256439 1.27183 1.97187 1.97187 1.97187
 0.0222174 0.200016 0.691427 1.18332 1.18332 1.18332
 0.0172801 0.155566 0.537772 0.920354 0.920354 0.920354
 0.020045 0.180458 0.623819 1.06762 1.06762 1.06762
 0.0146958 0.132301 0.457347 0.782712 0.782712 0.782712
 0.0149803 0.134862 0.466201 0.797865 0.797865 0.797865
 0.0111045 0.0999696 0.345581 0.591435 0.591435 0.591435
 0.00912408 0.082141 0.28395 0.485958 0.485958 0.485958
 0.00625052 0.0562713 0.194522 0.332909 0.332909 0.332909
 0.00367908 0.0331215 0.114496 0.195951 0.195951 0.195951
 0.00492206 0.0443116 0.153179 0.262154 0.262154 0.262154
 0.008102 0.0729395 0.252142 0.431521 0.431521 0.431521
 0.00894408 0.0805205 0.278348 0.476371 0.476371 0.476371
 0.00746288 0.0671857 0.232252 0.397481 0.397481 0.397481
Discard F by age and year for each fleet
 fleet 1 Discard F at age
 0 0 0 0 0 0
 0 0 0 0 0 0
 0 0 0 0 0 0
 0 0 0 0 0 0
 0 0 0 0 0 0
 0 0 0 0 0 0
 0 0 0 0 0 0
 0 0 0 0 0 0
 0 0 0 0 0 0
 0 0 0 0 0 0
 0 0 0 0 0 0
 0 0 0 0 0 0
 0 0 0 0 0 0
 0 0 0 0 0 0
 0 0 0 0 0 0
 0 0 0 0 0 0
 0 0 0 0 0 0
 0 0 0 0 0 0
 0 0 0 0 0 0
 0 0 0 0 0 0
 0 0 0 0 0 0
 0 0 0 0 0 0
 0 0 0 0 0 0
 0 0 0 0 0 0
 0 0 0 0 0 0
 0 0 0 0 0 0
 0 0 0 0 0 0
 0 0 0 0 0 0
 0 0 0 0 0 0
 0 0 0 0 0 0
 0 0 0 0 0 0
 0 0 0 0 0 0
 0 0 0 0 0 0
 0 0 0 0 0 0
 0 0 0 0 0 0
 0 0 0 0 0 0
 0 0 0 0 0 0
 0 0 0 0 0 0
 0 0 0 0 0 0
 0 0 0 0 0 0
 0 0 0 0 0 0
 0 0 0 0 0 0
Total F
 0.0846403 0.611547 0.619765 0.619766 0.619766 0.619766
 0.21195 1.53139 1.55197 1.55197 1.55197 1.55197
 0.159846 1.15493 1.17045 1.17045 1.17045 1.17045
 0.0704785 0.509224 0.516067 0.516068 0.516068 0.516068
 0.105267 0.76058 0.770801 0.770803 0.770803 0.770803
 0.0459181 0.600555 1.27139 1.38622 1.38622 1.38622
 0.0427356 0.558931 1.18327 1.29014 1.29014 1.29014
 0.0322005 0.421144 0.891572 0.972096 0.972096 0.972096
 0.0226304 0.295979 0.626595 0.683187 0.683187 0.683187
 0.0300752 0.393349 0.832728 0.907938 0.907938 0.907938
 0.0456021 0.596422 1.26264 1.37668 1.37668 1.37668
 0.0638514 0.835101 1.76793 1.9276 1.9276 1.9276
 0.062213 0.813672 1.72256 1.87814 1.87814 1.87814
 0.131178 1.04952 1.05995 1.05996 1.05996 1.05996
 0.135096 1.08086 1.09161 1.09161 1.09161 1.09161
 0.0468105 0.374517 0.37824 0.378241 0.378241 0.378241
 0.0314939 0.336526 0.639496 1.59091 1.59091 1.59091
 0.0530429 0.566787 1.07706 2.67945 2.67945 2.67945
 0.046065 0.492224 0.935368 2.32696 2.32696 2.32696
 0.037371 0.399326 0.758834 1.88779 1.88779 1.88779
 0.0206041 0.220164 0.418375 1.04081 1.04081 1.04081
 0.0059587 0.209172 1.0374 1.60841 1.60841 1.60841
 0.00273459 0.095994 0.476089 0.738139 0.738139 0.738139
 0.00321015 0.112688 0.558882 0.866503 0.866503 0.866503
 0.00500158 0.175573 0.870767 1.35006 1.35006 1.35006
 0.00512477 0.179898 0.892214 1.38331 1.38331 1.38331
 0.00586132 0.205753 1.02045 1.58212 1.58212 1.58212
 0.00532515 0.186932 0.927101 1.4374 1.4374 1.4374
 0.00730521 0.256439 1.27183 1.97187 1.97187 1.97187
 0.0222174 0.200016 0.691427 1.18332 1.18332 1.18332
 0.0172801 0.155566 0.537772 0.920354 0.920354 0.920354
 0.020045 0.180458 0.623819 1.06762 1.06762 1.06762
 0.0146958 0.132301 0.457347 0.782712 0.782712 0.782712
 0.0149803 0.134862 0.466201 0.797865 0.797865 0.797865
 0.0111045 0.0999696 0.345581 0.591435 0.591435 0.591435
 0.00912408 0.082141 0.28395 0.485958 0.485958 0.485958
 0.00625052 0.0562713 0.194522 0.332909 0.332909 0.332909
 0.00367908 0.0331215 0.114496 0.195951 0.195951 0.195951
 0.00492206 0.0443116 0.153179 0.262154 0.262154 0.262154
 0.008102 0.0729395 0.252142 0.431521 0.431521 0.431521
 0.00894408 0.0805205 0.278348 0.476371 0.476371 0.476371
 0.00746288 0.0671857 0.232252 0.397481 0.397481 0.397481

Average F for ages 4 to 5
Freport unweighted in .std and MCMC files
year    unweighted   Nweighted    Bweighted
1973  0.619766  0.619766  0.619766
1974  1.55197  1.55197  1.55197
1975  1.17045  1.17045  1.17045
1976  0.516068  0.516068  0.516068
1977  0.770803  0.770803  0.770803
1978  1.38622  1.38622  1.38622
1979  1.29014  1.29014  1.29014
1980  0.972096  0.972096  0.972096
1981  0.683187  0.683187  0.683187
1982  0.907938  0.907938  0.907938
1983  1.37668  1.37668  1.37668
1984  1.9276  1.9276  1.9276
1985  1.87814  1.87814  1.87814
1986  1.05996  1.05996  1.05996
1987  1.09161  1.09161  1.09161
1988  0.378241  0.378241  0.378241
1989  1.59091  1.59091  1.59091
1990  2.67945  2.67945  2.67945
1991  2.32696  2.32696  2.32696
1992  1.88779  1.88779  1.88779
1993  1.04081  1.04081  1.04081
1994  1.60841  1.60841  1.60841
1995  0.738139  0.738139  0.738139
1996  0.866503  0.866503  0.866503
1997  1.35006  1.35006  1.35006
1998  1.38331  1.38331  1.38331
1999  1.58212  1.58212  1.58212
2000  1.4374  1.4374  1.4374
2001  1.97187  1.97187  1.97187
2002  1.18332  1.18332  1.18332
2003  0.920354  0.920354  0.920354
2004  1.06762  1.06762  1.06762
2005  0.782712  0.782712  0.782712
2006  0.797865  0.797865  0.797865
2007  0.591435  0.591435  0.591435
2008  0.485958  0.485958  0.485958
2009  0.332909  0.332909  0.332909
2010  0.195951  0.195951  0.195951
2011  0.262154  0.262154  0.262154
2012  0.431521  0.431521  0.431521
2013  0.476371  0.476371  0.476371
2014  0.397481  0.397481  0.397481

Population Numbers at the Start of the Year
 36175.9 22979.3 37733.1 18191.9 10455 11207.9
 14871.5 22170.3 8908.85 15101.2 7435.09 9141.23
 40087.4 8024.46 3425.9 1403.65 2429.78 2756.09
 19889.3 22787.6 1806.82 790.507 330.757 1262.13
 67474.5 12363 9786.38 802.119 358.384 750.706
 57055 40507.3 4129.37 3367.57 281.872 404
 49426.3 36346.5 15877.9 861.343 639.527 134.722
 70154.6 31587 14852.5 3617.05 180.072 165.693
 179819 45308.8 14814.4 4529.42 1039.32 102.48
 76615.1 117252 24083.4 5888.54 1737.43 447.39
 17958.3 49586.5 56541.5 7789.63 1804.11 685.742
 22920.6 11443.8 19517.2 11897.6 1493.49 489.911
 30205.2 14341.9 3547.88 2477.8 1314.87 224.792
 7160.6 18931 4542.66 471.322 287.719 182.884
 14628.6 4188.81 4736.43 1170.65 124.038 127.461
 152493 8524 1015.68 1182.55 298.481 66.1897
 42265.4 97057.8 4188.61 517.531 615.349 194.284
 10305.6 27316.1 49540 1643.57 80.0911 128.472
 3049.05 6518.49 11075 12550 85.6423 11.2481
 2664.04 1942.09 2847.44 3232.71 930.311 7.34151
 3690.59 1711.67 930.941 991.62 371.775 109.924
 8158.21 2411.34 981.48 455.693 266.008 132.455
 6712.25 5409.01 1397.96 258.698 69.2976 62.2745
 5554.25 4464.69 3511.6 645.921 93.9274 49.2682
 12834.2 3692.68 2850.55 1493.6 206.268 47.0093
 7474.34 8517.42 2213.95 887.582 294.091 51.0648
 11106.4 4959.73 5084.6 674.736 169.049 67.2495
 5560.82 7364.42 2885.21 1363.11 105.34 37.8686
 4550.83 3689.24 4365.48 849.164 245.949 26.5108
 1860.31 3013.21 2040.07 910.193 89.7818 29.4317
 1960.76 1213.52 1762.95 759.994 211.735 28.4401
 2794.54 1285.38 742.27 765.84 229.972 74.2914
 8724.56 1826.91 766.894 295.862 200.008 81.4845
 6785.5 5734.19 1143.76 361.045 102.738 100.35
 3115.91 4458.48 3580.79 533.723 123.487 71.6759
 5237.76 2055.29 2883.02 1885.14 224.403 84.4042
 5040.5 3461.73 1352.94 1614.28 880.773 148.061
 4204.9 3340.95 2338.47 828.412 878.956 573.005
 8794.4 2794.27 2309.74 1551.16 517.267 933.2
 2721.31 5836.86 1910.3 1473.96 906.511 877.94
 4852.93 1800.4 3877.75 1104.2 727.191 908.39
 1493.42 3207.97 1187.07 2183.45 520.871 797.346

Biomass Time Series
Year, TotJan1B, SSB, ExploitableB
1973  39812  21438.6  36474.8
1974  23828.3  8993.79  23707.7
1975  13404.4  2897.09  7758.94
1976  11752.2  3576.31  9431.27
1977  19902.4  3985  10157.1
1978  25229.3  5505.18  9273.77
1979  23285.5  6855.32  11225.6
1980  26985  7393.21  11639.6
1981  36013.9  9380.9  13456.6
1982  49698.7  17291.4  26188.2
1983  36507.8  16171.7  28921.3
1984  16619.3  5331.57  12258.8
1985  10187.4  2271.82  4796.59
1986  7208.99  2412.99  7496.44
1987  6326.04  1522.88  3848.54
1988  49372.7  1975.15  8790.36
1989  26729.6  8906.69  5839.98
1990  18528.8  9574.44  8054.21
1991  8751.57  3883.93  6419.09
1992  2933.64  1553.25  2598.28
1993  1683.93  883.423  1067.35
1994  1503.25  556.26  669.445
1995  1513.29  820.085  637.937
1996  2397  1502.17  1418.48
1997  3634.44  1392.4  1707.8
1998  3816.62  1595.71  1488.69
1999  4270.81  1878.64  2112.64
2000  4055.67  1889.45  2000.94
2001  3591.45  1587.82  2026.48
2002  2218.35  1208.5  1309.06
2003  1575.87  976.949  1107.6
2004  1299.18  662.72  866.855
2005  1522.32  620.251  636.538
2006  2075.07  973.116  819.006
2007  2423.97  1586.13  1357.21
2008  2844.96  1768.29  1849.64
2009  2744.5  1814.12  1915.69
2010  2837.31  2125.16  2027.43
2011  3786.12  2364.35  2436.35
2012  3636.65  2392.75  2485.98
2013  3410.71  2265.6  2418.12
2014  2962.88  2090.82  2311.99

q by index
 index 1 q over time
1973  0.706133
1974  0.706133
1975  0.706133
1976  0.706133
1977  0.706133
1978  0.706133
1979  0.706133
1980  0.706133
1981  0.706133
1982  0.706133
1983  0.706133
1984  0.706133
1985  0.706133
1986  0.706133
1987  0.706133
1988  0.706133
1989  0.706133
1990  0.706133
1991  0.706133
1992  0.706133
1993  0.706133
1994  0.706133
1995  0.706133
1996  0.706133
1997  0.706133
1998  0.706133
1999  0.706133
2000  0.706133
2001  0.706133
2002  0.706133
2003  0.706133
2004  0.706133
2005  0.706133
2006  0.706133
2007  0.706133
2008  0.706133
2009  0.706133
2010  0.706133
2011  0.706133
2012  0.706133
2013  0.706133
2014  0.706133
 index 2 q over time
1973  0.343724
1974  0.343724
1975  0.343724
1976  0.343724
1977  0.343724
1978  0.343724
1979  0.343724
1980  0.343724
1981  0.343724
1982  0.343724
1983  0.343724
1984  0.343724
1985  0.343724
1986  0.343724
1987  0.343724
1988  0.343724
1989  0.343724
1990  0.343724
1991  0.343724
1992  0.343724
1993  0.343724
1994  0.343724
1995  0.343724
1996  0.343724
1997  0.343724
1998  0.343724
1999  0.343724
2000  0.343724
2001  0.343724
2002  0.343724
2003  0.343724
2004  0.343724
2005  0.343724
2006  0.343724
2007  0.343724
2008  0.343724
2009  0.343724
2010  0.343724
2011  0.343724
2012  0.343724
2013  0.343724
2014  0.343724

Proportions of catch at age by fleet
 fleet 1
Year 1 Obs  =  0.00545691 0.144785 0.320763 0.216458 0.14188 0.170658
Year 1 Pred =  0.0559598 0.209899 0.354029 0.172217 0.0997809 0.108115
Year 2 Obs  =  0.0169397 0.555763 0.117739 0.158347 0.0792596 0.0719506
Year 2 Pred =  0.0503203 0.328837 0.134837 0.230269 0.114144 0.141592
Year 3 Obs  =  0.444401 0.220404 0.104175 0.0624274 0.0883052 0.0802875
Year 3 Pred =  0.307244 0.30227 0.132008 0.0545228 0.095073 0.108882
Year 4 Obs  =  0.0209783 0.66913 0.128152 0.0355435 0.0488043 0.0973913
Year 4 Pred =  0.106792 0.749801 0.0611191 0.0269852 0.0113847 0.0439184
Year 5 Obs  =  0.309764 0.296172 0.304651 0.0316124 0.0173338 0.0404664
Year 5 Pred =  0.330489 0.339251 0.275512 0.0227787 0.0102581 0.0217117
Year 6 Obs  =  0.312325 0.525768 0.0862784 0.0586358 0.00985241 0.00714001
Year 6 Pred =  0.0905108 0.677858 0.113777 0.0977058 0.00823559 0.0119131
Year 7 Obs  =  0.00653549 0.632045 0.304111 0.0373155 0.01539 0.00460295
Year 7 Pred =  0.0654765 0.516211 0.377136 0.0215946 0.0161482 0.00343385
Year 8 Obs  =  0.0423678 0.445853 0.303951 0.176525 0.0236043 0.00769905
Year 8 Pred =  0.0866727 0.441875 0.367072 0.0951688 0.00477398 0.00443686
Year 9 Obs  =  0.00184512 0.359635 0.409508 0.158789 0.060292 0.00993108
Year 9 Pred =  0.15181 0.455764 0.277941 0.0912701 0.0211114 0.00210374
Year 10 Obs  =  0.00311582 0.669013 0.28135 0.0366404 0.00818395 0.00169595
Year 10 Pred =  0.0366778 0.642747 0.235977 0.0615404 0.0182977 0.00475957
Year 11 Obs  =  0.0355781 0.277899 0.624782 0.0532119 0.00569072 0.00283797
Year 11 Pred =  0.0104648 0.305298 0.574057 0.0832992 0.0194282 0.00745308
Year 12 Obs  =  0.0132301 0.165658 0.560028 0.2286 0.024715 0.00776918
Year 12 Pred =  0.0362684 0.174792 0.453102 0.287508 0.0363179 0.0120122
Year 13 Obs  =  0.132837 0.507877 0.142054 0.128653 0.0724979 0.0160816
Year 13 Pred =  0.105957 0.489493 0.1853 0.134832 0.0720049 0.0124133
Year 14 Obs  =  0.0290806 0.662706 0.229467 0.0438627 0.0245907 0.0102922
Year 14 Pred =  0.049563 0.732971 0.179687 0.0187972 0.0115607 0.00742085
Year 15 Obs  =  0.175854 0.39439 0.288537 0.112927 0.0203659 0.00792683
Year 15 Pred =  0.20114 0.318859 0.368273 0.091768 0.00979576 0.0101648
Year 16 Obs  =  0.621881 0.236617 0.0627855 0.0592714 0.0156964 0.00374839
Year 16 Pred =  0.657228 0.2615 0.0319783 0.0375821 0.0095667 0.00214529
Year 17 Obs  =  0.000990723 0.834009 0.142484 0.0202198 0.00216158 0.000135099
Year 17 Pred =  0.0391409 0.862831 0.0631321 0.0135342 0.0162008 0.00516048
Year 18 Obs  =  0.00388127 0.0424697 0.903484 0.048056 0.00199672 0.000112176
Year 18 Pred =  0.0106331 0.247218 0.703502 0.0342569 0.00167837 0.00271141
Year 19 Obs  =  0.0244617 0.0899774 0.298054 0.57427 0.0101263 0.00311108
Year 19 Pred =  0.00603751 0.11652 0.318149 0.55498 0.00380923 0.000504127
Year 20 Obs  =  0.063631 0.198457 0.295016 0.396618 0.0436072 0.00266983
Year 20 Pred =  0.0154996 0.105788 0.257199 0.481081 0.139325 0.00110867
Year 21 Obs  =  0.00684541 0.248716 0.253851 0.40559 0.0827153 0.0022818
Year 21 Pred =  0.0417091 0.194674 0.18745 0.386553 0.146014 0.0436002
Year 22 Obs  =  0.08353 0.279849 0.254365 0.192072 0.14488 0.0453044
Year 22 Pred =  0.0247235 0.241153 0.348773 0.204661 0.120272 0.0604175
Year 23 Obs  =  0.00102564 0.347692 0.281026 0.28 0.0584615 0.0317949
Year 23 Pred =  0.0139275 0.389559 0.428454 0.110916 0.0299479 0.0271954
Year 24 Obs  =  0.00207792 0.255065 0.587532 0.123636 0.0161039 0.0155844
Year 24 Pred =  0.00681574 0.188741 0.614226 0.155381 0.0227705 0.0120663
Year 25 Obs  =  0.00606277 0.0649073 0.542439 0.328103 0.0410128 0.017475
