Age Structured Assessment Program (ASAP) Version 3.0
Start time for run: Fri Nov 17 11:09:05 2017

obj_fun        = 2211.35

Component                Lambda          obj_fun
__Catch_Fleet_1               1          -51.4085
Catch_Fleet_Total             1          -51.4085
Discard_Fleet_Total           0          0
__Index_Fit_1                 1          -15.7357
__Index_Fit_2                 1          -3.17121
Index_Fit_Total               2          -18.907
Catch_Age_Comps       see_below          1189.66
Discard_Age_Comps     see_below          0
Index_Age_Comps       see_below          1092.01
__Sel_Param_1                 0          0
__Sel_Param_2                 0          -0
__Sel_Param_3                 0          -0
__Sel_Param_7                 0          0
__Sel_Param_8                 0          -0
__Sel_Param_9                 0          -0
__Sel_Param_13                0          0
__Sel_Param_14                0          0
__Sel_Param_15                0          -0
__Sel_Param_19                0          0
__Sel_Param_20                0          -0
__Sel_Param_21                0          0
__Sel_Param_25                0          0
__Sel_Param_26                0          0
__Sel_Param_27                0          -0
__Sel_Param_31                0          0
__Sel_Param_32                0          -0
__Sel_Param_33                0          -0
Sel_Params_Total              0          0
__Index_Sel_Param_1           0          0
__Index_Sel_Param_2           0          0
__Index_Sel_Param_3           0          -0
__Index_Sel_Param_7           0          -0
__Index_Sel_Param_8           0          -0
__Index_Sel_Param_9           0          -0
Index_Sel_Params_Total        0          0
q_year1_Total                 0          0
q_devs_Total                  0          0
__Fmult_year1_fleet_1         0          -0
Fmult_year1_fleet_Total       0          0
Fmult_devs_fleet_Total        0          0
N_year_1                      0          0
Recruit_devs                  0          0
SR_steepness                  0          0
SR_scaler                     0          0
Fmult_Max_penalty          1000          0
F_penalty                     0          0

 Input and Estimated effective sample sizes for fleet 1
1973  18  52.3697
1974  18  11.1432
1975  18  27.0719
1976  18  21.1938
1977  18  319.342
1978  18  7.27984
1979  18  21.8586
1980  18  52.9824
1981  18  14.4317
1982  18  99.3492
1983  18  121.211
1984  18  38.7641
1985  18  165.054
1986  18  69.4435
1987  18  44.4659
1988  18  204.78
1989  18  33.0757
1990  18  5.854
1991  18  476.72
1992  18  21.7436
1993  18  47.7322
1994  18  50.7477
1995  18  12.8896
1996  37  81.8063
1997  37  40.9191
1998  37  83.555
1999  37  163.545
2000  37  47.2669
2001  37  758.269
2002  37  46.3154
2003  37  78.8042
2004  37  13.8425
2005  37  41.9913
2006  37  58.7449
2007  37  315.956
2008  37  50.1821
2009  37  191.964
 Total  932  3892.67

 Input and Estimated effective Discard sample sizes for fleet 1
1973  0  0
1974  0  0
1975  0  0
1976  0  0
1977  0  0
1978  0  0
1979  0  0
1980  0  0
1981  0  0
1982  0  0
1983  0  0
1984  0  0
1985  0  0
1986  0  0
1987  0  0
1988  0  0
1989  0  0
1990  0  0
1991  0  0
1992  0  0
1993  0  0
1994  0  0
1995  0  0
1996  0  0
1997  0  0
1998  0  0
1999  0  0
2000  0  0
2001  0  0
2002  0  0
2003  0  0
2004  0  0
2005  0  0
2006  0  0
2007  0  0
2008  0  0
2009  0  0
 Total  0  0

Observed and predicted total fleet catch by year and standardized residual
 fleet 1 total catches
1973  14549  15286.4  -0.249642
1974  17088  18042.3  -0.274399
1975  5732  5304.24  0.391622
1976  3436  3397.06  0.0575471
1977  5223  5192.3  0.0297703
1978  8085  7927.58  0.0992827
1979  9883  8835.95  0.565471
1980  8021  7401.71  0.405734
1981  6607  6552.31  0.0419731
1982  15764  16251.9  -0.153923
1983  22211  22526.2  -0.0711571
1984  11225  10941.6  0.129107
1985  4817  4621.54  0.209169
1986  4620  4515.94  0.115036
1987  2652  2467.56  0.363982
1988  2782  2586.35  0.368221
1989  8349  6510.45  1.25596
1990  17916  12434.9  1.84399
1991  6430  6666.14  -0.182117
1992  2695  2382.97  0.621335
1993  771  697.046  0.509166
1994  735  587.421  1.13173
1995  343  338.617  0.064946
1996  759  849.686  -0.569906
1997  1222  1346.77  -0.490895
1998  1087  1249.45  -0.703282
1999  1403  1925.5  -1.59851
2000  1397  1712.62  -1.02854
2001  1449  2082.75  -1.83202
2002  945  956.587  -0.0615384
2003  666  673.513  -0.0566408
2004  619  566.285  0.44944
2005  346  342.361  0.0533849
2006  396  446.226  -0.602955
2007  502  551.617  -0.475929
2008  583  613.08  -0.254024
2009  453  462.186  -0.101374
Observed and predicted total fleet Discards by year and standardized residual
 fleet 1 total Discards
1973  0  0  0
1974  0  0  0
1975  0  0  0
1976  0  0  0
1977  0  0  0
1978  0  0  0
1979  0  0  0
1980  0  0  0
1981  0  0  0
1982  0  0  0
1983  0  0  0
1984  0  0  0
1985  0  0  0
1986  0  0  0
1987  0  0  0
1988  0  0  0
1989  0  0  0
1990  0  0  0
1991  0  0  0
1992  0  0  0
1993  0  0  0
1994  0  0  0
1995  0  0  0
1996  0  0  0
1997  0  0  0
1998  0  0  0
1999  0  0  0
2000  0  0  0
2001  0  0  0
2002  0  0  0
2003  0  0  0
2004  0  0  0
2005  0  0  0
2006  0  0  0
2007  0  0  0
2008  0  0  0
2009  0  0  0

Index data
index number 1
aggregate units = 2
proportions units = 2
month = 4
starting and ending ages for selectivity = 1  6
selectivity choice = -1
 year, obs index, pred index, standardized residual
1973  45993.3  39502.9  0.699712
1974  18318.7  19725.8  -0.237025
1975  4839.41  6052.97  -0.787416
1976  5942.61  7088.68  -0.582178
1977  6925.37  7642.4  -0.261828
1978  18730.7  12112.1  1.58683
1979  5889.55  13989.2  -2.7707
1980  14774.4  14792.3  -0.00535348
1981  27000.5  20613.1  0.949889
1982  43523.9  38751.3  0.408728
1983  30456.2  32459.2  -0.258683
1984  8397.88  13111.6  -1.62164
1985  6074.29  5684.04  0.190219
1986  7020.75  5529.48  1.05168
1987  1593.48  3194.46  -2.10282
1988  2035.3  4765.29  -2.43695
1989  17077.9  23943.7  -1.22999
1990  25849.5  22339  0.481834
1991  11510  9439.97  0.837801
1992  3741.82  3013.04  0.737911
1993  1493.45  1465.46  0.0588454
1994  529.85  1293.93  -2.37283
1995  2393.74  2038.58  0.547096
1996  3908.97  2747.06  1.03766
1997  4137.04  2687.3  1.00471
1998  6162.7  3292.4  1.94986
1999  5117.79  3269.21  1.97397
2000  4801.36  3336.09  1.32529
2001  2626.64  2598.17  0.032945
2002  2910.49  1870.28  0.989889
2003  750.44  1430.17  -1.47198
2004  1002.58  1112.17  -0.236776
2005  1143.77  1163.45  -0.0501917
2006  3334.65  2424.35  0.700142
2007  2429.57  3444.95  -1.18952
2008  2112.49  3620.64  -0.873932
2009  3367.55  4026.82  -0.57262
index number 2
aggregate units = 2
proportions units = 2
month = 10
starting and ending ages for selectivity = 1  6
selectivity choice = -1
 year, obs index, pred index, standardized residual
1973  17343  17291.1  0.0060245
1974  7069.14  5589.79  0.479945
1975  3338  4386.25  -0.492507
1976  10016.5  5160.8  1.54428
1977  5279.03  7540.53  -0.865631
1978  8912.42  9862.75  -0.290239
1979  7917.85  9924.78  -0.769568
1980  6111.82  11926  -1.49635
1981  24538.3  23190.1  0.166233
1982  35005.5  26364.7  0.589573
1983  27070.6  13297.7  1.76363
1984  6421.5  4836.13  0.753525
1985  1397.52  4128.3  -2.52239
1986  3102.43  2748.73  0.293879
1987  2330.01  2036.83  0.274882
1988  5754.22  12664  -2.32052
1989  11846.9  18241.2  -1.07084
1990  5562.57  9188.47  -1.16876
1991  2649.75  2873  -0.209968
1992  629.04  1084.09  -1.01078
1993  579.77  870.818  -0.910572
1994  1704.84  1155.51  0.808875
1995  1389.37  1722.01  -0.308224
1996  1066.77  1805.11  -0.976771
1997  3556.07  2051.63  1.36461
1998  3107.97  2337.13  0.59283
1999  2256.89  2228.14  0.0200686
2000  2545.21  2076.59  0.351962
2001  1413.65  1338.75  0.102628
2002  3443.4  1007.98  2.35222
2003  1953.92  749.6  1.61385
2004  303.12  676.624  -1.86993
2005  3025.86  1304.84  2.40945
2006  4060.28  2073.84  1.66686
2007  1983.45  2147.92  -0.162835
2008  3774.11  2220.12  1.14382
2009  1949.61  2535.86  -0.817715

Input effective sample sizes by index (row=index, column=year)
 12 12 12 12 12 12 12 12 12 12 12 12 12 12 12 12 12 12 12 12 12 12 12 12 12 12 12 12 12 12 12 12 12 12 12 12 12
 12 12 12 12 12 12 12 12 12 12 12 12 12 12 12 12 12 12 12 12 12 12 12 12 12 12 12 12 12 12 12 12 12 12 12 12 12
Estimated effective sample sizes by index (row=index, column=year)
 117.442 144.809 48.0184 147.358 25.0504 21.4111 18.6658 93.502 14.0968 258.814 62.1318 9.49068 34.0896 75.1322 7.84851 10.6054 93.1312 5.5866 33.0106 5.55317 16.3422 4.38139 6.58132 9.53352 25.6289 8.04415 18.1426 8.59714 4.91128 3.93194 163.425 7.79138 13.7605 17.0396 89.915 20.7328 55.7116
 189.753 66.9293 122.877 514.484 17.6661 16.2971 24.0299 8.55243 15.8022 20.7133 24.9227 44.948 50.5577 626.664 85.2437 144.714 8.73707 55.2599 8.06319 3.5522 5.29228 141.367 13.8459 4.95933 4.42957 42.0901 6.31958 9.94063 21.4857 43.4129 2.11085 13.3103 19.6982 75.4366 9.47123 84.697 27.1349

Index proportions at age by index
 Index number 1
Year 1973 Obs  =  0.0198451 0.120089 0.328147 0.184446 0.143075 0.204398
Year 1973 Pred =  0.00884847 0.118742 0.342635 0.241046 0.139028 0.149701
Year 1974 Obs  =  0.0323298 0.136895 0.16135 0.31115 0.189779 0.168497
Year 1974 Pred =  0.00709143 0.180443 0.130428 0.324153 0.16016 0.197724
Year 1975 Obs  =  0.0856282 0.312654 0.0932841 0.120837 0.216884 0.170713
Year 1975 Pred =  0.0640813 0.236167 0.180284 0.109762 0.191574 0.218132
Year 1976 Obs  =  0.00317032 0.723716 0.0976154 0.0468649 0.0445141 0.0841196
Year 1976 Pred =  0.0275628 0.680178 0.0975786 0.0633533 0.0270883 0.10424
Year 1977 Obs  =  0.219988 0.235979 0.416121 0.038011 0.0237893 0.066112
Year 1977 Pred =  0.0862821 0.319541 0.456478 0.0565449 0.0257837 0.0553701
Year 1978 Obs  =  0.163612 0.634234 0.112641 0.0480981 0.0156262 0.0257877
Year 1978 Pred =  0.0469934 0.688771 0.108365 0.128175 0.0111508 0.0165449
Year 1979 Obs  =  0.166619 0.492719 0.26245 0.0472567 0.0205789 0.010376
Year 1979 Pred =  0.0355908 0.541888 0.365504 0.0298283 0.0222308 0.00495815
Year 1980 Obs  =  0.0450794 0.441312 0.299064 0.188574 0.0185713 0.00739997
Year 1980 Pred =  0.0476627 0.464869 0.34786 0.126898 0.00657353 0.00613684
Year 1981 Obs  =  0.0314469 0.676331 0.175683 0.0906099 0.0217581 0.00417067
Year 1981 Pred =  0.0871985 0.490539 0.267424 0.122671 0.0291592 0.00300821
Year 1982 Obs  =  0.00781571 0.688143 0.223391 0.0560099 0.0183577 0.00628276
Year 1982 Pred =  0.019602 0.653161 0.216634 0.0796972 0.0243715 0.0065345
Year 1983 Obs  =  0.00217755 0.355656 0.589323 0.0400614 0.0115651 0.00121683
Year 1983 Pred =  0.00543631 0.31128 0.537765 0.108909 0.0261983 0.010411
Year 1984 Obs  =  0.00932379 0.110034 0.218891 0.530741 0.0806514 0.0503592
Year 1984 Pred =  0.0172587 0.167145 0.403561 0.351791 0.0447931 0.0154509
Year 1985 Obs  =  0.0734474 0.443816 0.111607 0.132179 0.196384 0.042568
Year 1985 Pred =  0.0523498 0.492268 0.173566 0.174296 0.091457 0.0160632
Year 1986 Obs  =  0.00387138 0.688603 0.217933 0.056306 0.0295353 0.00375174
Year 1986 Pred =  0.0125241 0.628547 0.272659 0.0432905 0.0263449 0.0166346
Year 1987 Obs  =  0 0.0906324 0.73468 0.174688 0 0
Year 1987 Pred =  0.0450333 0.240996 0.491474 0.18158 0.0202484 0.0206685
Year 1988 Obs  =  0.197465 0.292743 0.102191 0.142559 0.241389 0.0236525
Year 1988 Pred =  0.319831 0.395152 0.0865671 0.15037 0.0390191 0.00905985
Year 1989 Obs  =  0.0134577 0.932524 0.0446138 0.00940397 0 0
Year 1989 Pred =  0.0174571 0.892947 0.0643678 0.00963076 0.0117495 0.0038481
Year 1990 Obs  =  0.00491306 0.0266775 0.843523 0.121401 0.00348479 0
Year 1990 Pred =  0.00454858 0.25055 0.717654 0.0239609 0.00123546 0.00205179
Year 1991 Obs  =  0.0301034 0.0733666 0.309697 0.512925 0.0664961 0.00741182
Year 1991 Pred =  0.00319011 0.144274 0.388079 0.460804 0.00320016 0.000453391
Year 1992 Obs  =  0.00879786 0.0226467 0.255114 0.713442 0 0
Year 1992 Pred =  0.00872732 0.137757 0.325902 0.408847 0.117811 0.000955634
Year 1993 Obs  =  0.0181995 0.283464 0.125388 0.493836 0.0791121 0
Year 1993 Pred =  0.0250397 0.260241 0.238576 0.320764 0.119841 0.0355383
Year 1994 Obs  =  0 0.721072 0.0439936 0 0.183448 0.0514863
Year 1994 Pred =  0.0633133 0.416983 0.243646 0.146065 0.0868615 0.0431315
Year 1995 Obs  =  0.0110037 0.815832 0.0476576 0.0643512 0.0130507 0.0481046
Year 1995 Pred =  0.0329256 0.614126 0.25227 0.0658892 0.0181757 0.0166137
Year 1996 Obs  =  0 0.16995 0.557214 0.242165 0.0306704 0
Year 1996 Pred =  0.0202281 0.372682 0.462418 0.117216 0.0177851 0.00967101
Year 1997 Obs  =  0.0212567 0.357553 0.462065 0.132015 0.0271112 0
Year 1997 Pred =  0.0481406 0.310342 0.352746 0.245506 0.034873 0.00839279
Year 1998 Obs  =  0.0184075 0.817895 0.104595 0.0436838 0.00984633 0.00557223
Year 1998 Pred =  0.0228862 0.588651 0.223189 0.117732 0.040271 0.00727031
Year 1999 Obs  =  0.0115812 0.21242 0.630265 0.113956 0.0242937 0.00748371
Year 1999 Pred =  0.0340489 0.342987 0.504622 0.0866962 0.022391 0.00925533
Year 2000 Obs  =  0.00668352 0.403184 0.516162 0.0684848 0.00548595 0
Year 2000 Pred =  0.0166723 0.498434 0.286666 0.178681 0.0142203 0.00532735
Year 2001 Obs  =  0 0.0440601 0.736538 0.152541 0.0522797 0.0145814
Year 2001 Pred =  0.0175357 0.314036 0.504382 0.123052 0.0368568 0.00413668
Year 2002 Obs  =  0.0280158 0.683831 0.135028 0.114726 0.0383989 0
Year 2002 Pred =  0.0101345 0.363199 0.374599 0.222139 0.0223232 0.00760498
Year 2003 Obs  =  0.0688254 0.167473 0.452382 0.239083 0.0722367 0
Year 2003 Pred =  0.0141804 0.197382 0.447079 0.251761 0.0787194 0.0108769
Year 2004 Obs  =  0.0271103 0.226578 0.486959 0.137058 0.090288 0.0320077
Year 2004 Pred =  0.0269556 0.271175 0.241444 0.321779 0.101641 0.0370046
Year 2005 Obs  =  0.214711 0.300087 0.141208 0.0984027 0.222562 0.0230291
Year 2005 Pred =  0.0879312 0.387536 0.255387 0.131633 0.0953626 0.0421501
Year 2006 Obs  =  0.0251601 0.793738 0.112273 0.0530311 0 0.0157978
Year 2006 Pred =  0.0337849 0.639275 0.192451 0.0825253 0.0250734 0.0268896
Year 2007 Obs  =  0 0.396358 0.543565 0.0600765 0 0
Year 2007 Pred =  0.00901775 0.363847 0.48599 0.0991581 0.025463 0.0165244
Year 2008 Obs  =  0 0.0393185 0.541915 0.379794 0.038973 0
Year 2008 Pred =  0.0211445 0.132243 0.390131 0.385004 0.0497959 0.0216814
Year 2009 Obs  =  0.0394994 0.241036 0.218994 0.335979 0.152724 0.0117682
Year 2009 Pred =  0.0158828 0.294675 0.137775 0.31298 0.20048 0.0382069
 Index number 2
Year 1973 Obs  =  0.119324 0.150538 0.340303 0.18644 0.132132 0.071264
Year 1973 Pred =  0.141726 0.161783 0.308979 0.174783 0.101772 0.110957
Year 1974 Obs  =  0.143825 0.226914 0.0805289 0.316983 0.134204 0.0975437
Year 1974 Pred =  0.164637 0.240716 0.11346 0.226728 0.113092 0.141367
Year 1975 Obs  =  0.571739 0.157148 0.0579031 0.0870644 0.0831009 0.0430439
Year 1975 Pred =  0.598068 0.150161 0.0752329 0.0368291 0.0648938 0.0748159
Year 1976 Obs  =  0.274768 0.58828 0.048958 0.00646431 0.0102111 0.071319
Year 1976 Pred =  0.26732 0.586283 0.0557611 0.0291104 0.0125657 0.0489603
Year 1977 Obs  =  0.510178 0.324685 0.127419 0.00740478 0.0063383 0.0239741
Year 1977 Pred =  0.607351 0.180552 0.170338 0.0169661 0.00781015 0.0169823
Year 1978 Obs  =  0.277989 0.637789 0.0395617 0.0315021 0.00320452 0.00995354
Year 1978 Pred =  0.412136 0.507695 0.0385587 0.0341132 0.00299607 0.00450108
Year 1979 Obs  =  0.224595 0.493926 0.237504 0.0361866 0.0039531 0.00383438
Year 1979 Pred =  0.358786 0.467321 0.155551 0.00954167 0.00717921 0.00162125
Year 1980 Obs  =  0.224752 0.566796 0.147518 0.0609345 0 0
Year 1980 Pred =  0.425054 0.37771 0.150859 0.0420942 0.00220137 0.00208087
Year 1981 Obs  =  0.456806 0.461127 0.0657022 0.00959521 0.00556436 0.00120465
Year 1981 Pred =  0.559856 0.303134 0.094446 0.0336461 0.00807409 0.000843397
Year 1982 Obs  =  0.0807355 0.712466 0.175838 0.0214155 0.00954477 0
Year 1982 Pred =  0.207297 0.634601 0.113518 0.0320174 0.00988442 0.00268342
Year 1983 Obs  =  0.098224 0.584359 0.290064 0.0240021 0.00198149 0.00136901
Year 1983 Pred =  0.0947222 0.453441 0.375663 0.0568221 0.0137992 0.00555238
Year 1984 Obs  =  0.315164 0.278223 0.333711 0.0729019 0 0
Year 1984 Pred =  0.331081 0.24143 0.245382 0.155191 0.0199488 0.00696732
Year 1985 Obs  =  0.58855 0.297584 0.075863 0.038003 0 0
Year 1985 Pred =  0.510695 0.367501 0.0556572 0.0407326 0.0215774 0.00383725
Year 1986 Obs  =  0.173763 0.602503 0.169521 0.0486617 0.00555047 0
Year 1986 Pred =  0.172637 0.609255 0.173619 0.0221657 0.0136179 0.00870631
Year 1987 Obs  =  0.498792 0.24245 0.211192 0.0194377 0.0163604 0.0117682
Year 1987 Pred =  0.484049 0.182385 0.244354 0.0725932 0.00817232 0.00844637
Year 1988 Obs  =  0.872351 0.0634683 0.0281498 0.0281116 0.00263981 0.00527961
Year 1988 Pred =  0.859368 0.0994205 0.0144669 0.0202067 0.00529343 0.00124448
Year 1989 Obs  =  0.00190176 0.863039 0.119851 0.0142636 0.000944549 0
Year 1989 Pred =  0.164724 0.795867 0.0329064 0.00246286 0.00303336 0.00100591
Year 1990 Obs  =  0.0049042 0.351089 0.596556 0.047451 0 0
Year 1990 Pred =  0.0786363 0.369362 0.544599 0.00649611 0.000338146 0.000568612
Year 1991 Obs  =  0.20822 0.0898802 0.566416 0.135484 0 0
Year 1991 Pred =  0.0747841 0.297555 0.425848 0.200208 0.00140366 0.000201359
Year 1992 Obs  =  0.305953 0.0435895 0.130785 0.519673 0 0
Year 1992 Pred =  0.173821 0.251608 0.330909 0.188404 0.0548077 0.000450147
Year 1993 Obs  =  0.559584 0.0470531 0.218863 0.1745 0 0
Year 1993 Pred =  0.304549 0.314479 0.17445 0.138566 0.0522639 0.0156928
Year 1994 Obs  =  0.496639 0.300738 0.0720595 0.0782009 0.0355928 0.0167699
Year 1994 Pred =  0.516016 0.335936 0.0875146 0.0318227 0.0191049 0.0096055
Year 1995 Obs  =  0.114922 0.533324 0.212714 0.0954239 0 0.0436166
Year 1995 Pred =  0.284156 0.55322 0.126626 0.0234331 0.00652576 0.00603967
Year 1996 Obs  =  0.482733 0.173197 0.34407 0 0 0
Year 1996 Pred =  0.224359 0.427848 0.285783 0.0501091 0.00767556 0.00422604
Year 1997 Obs  =  0.265647 0.167671 0.471445 0.0875939 0.00764327 0
Year 1997 Pred =  0.459155 0.297126 0.160366 0.0707381 0.0101439 0.0024719
Year 1998 Obs  =  0.328991 0.598934 0.0456372 0.0179634 0 0.00847493
Year 1998 Pred =  0.234759 0.605585 0.108633 0.0362268 0.0125099 0.00228676
Year 1999 Obs  =  0.630119 0.199403 0.142041 0.0142187 0.0142187 0
Year 1999 Pred =  0.363627 0.362642 0.239403 0.0250595 0.00653389 0.00273462
Year 2000 Obs  =  0.0222849 0.753349 0.13677 0.0772468 0 0.0103488
Year 2000 Pred =  0.195004 0.582139 0.155595 0.0605516 0.00486499 0.00184541
Year 2001 Obs  =  0.317228 0.496389 0.128702 0.0576805 0 0
Year 2001 Pred =  0.247509 0.426956 0.275007 0.0377995 0.0114298 0.00129891
Year 2002 Obs  =  0.0845937 0.583246 0.285288 0.0468723 0 0
Year 2002 Pred =  0.135751 0.489222 0.259064 0.102039 0.010352 0.00357086
Year 2003 Obs  =  0.687923 0.00486205 0.157919 0.134709 0 0.0145861
Year 2003 Pred =  0.195784 0.278912 0.343329 0.133823 0.0422424 0.00590989
Year 2004 Obs  =  0.26624 0.371086 0 0.0871631 0.181485 0.0940253
Year 2004 Pred =  0.320238 0.326785 0.153626 0.138781 0.0442556 0.016314
Year 2005 Obs  =  0.716918 0.176092 0.0703533 0.0184575 0.0181799 0
Year 2005 Pred =  0.568454 0.260059 0.0974815 0.0359479 0.0262912 0.0117663
Year 2006 Obs  =  0.337416 0.608829 0.0483145 0.00544052 0 0
Year 2006 Pred =  0.286529 0.565319 0.098218 0.0304517 0.00934037 0.0101424
Year 2007 Obs  =  0.129778 0.648543 0.206362 0 0.0153167 0
Year 2007 Pred =  0.105159 0.449637 0.365206 0.0559589 0.014507 0.00953232
Year 2008 Obs  =  0.324301 0.119845 0.326725 0.2036 0.0179777 0.00755143
Year 2008 Pred =  0.250949 0.167449 0.306989 0.231129 0.0301793 0.0133048
Year 2009 Obs  =  0.224905 0.371765 0.222819 0.167508 0.0130026 0
Year 2009 Pred =  0.183731 0.366416 0.10907 0.192375 0.124402 0.0240052

Index Selectivity at Age
 0.0172548 0.399305 0.688095 1 1 1
 0.314111 0.766246 0.864762 1 1 1

Deviations section: only applicable if associated lambda > 0
Nyear1 observed, expected, standardized residual
N/A

Fleet Obs, Initial, and Stadardized Residual for Fmult
N/A

Standardized Residuals for Fmult_devs by fleet and year
N/A

Index Obs, Initial, and Standardized Residual for q_year1
N/A

Standardized Residuals for catchability deviations by index and year
N/A

Obs, Initial, and Stadardized Residual for SR steepness
N/A

Obs, Initial, and Stadardized Residual for SR scaler
N/A

End of Deviations Section

Selectivity by age and year for each fleet
 fleet 1 selectivity at age
 0.135075 0.968312 0.999912 1 1 1
 0.135075 0.968312 0.999912 1 1 1
 0.135075 0.968312 0.999912 1 1 1
 0.135075 0.968312 0.999912 1 1 1
 0.135075 0.968312 0.999912 1 1 1
 0.032228 0.41586 0.89364 1 1 1
 0.032228 0.41586 0.89364 1 1 1
 0.032228 0.41586 0.89364 1 1 1
 0.032228 0.41586 0.89364 1 1 1
 0.032228 0.41586 0.89364 1 1 1
 0.032228 0.41586 0.89364 1 1 1
 0.032228 0.41586 0.89364 1 1 1
 0.032228 0.41586 0.89364 1 1 1
 0.121745 0.9674 0.999997 1 1 1
 0.121745 0.9674 0.999997 1 1 1
 0.121745 0.9674 0.999997 1 1 1
 0.0194794 0.202795 0.396737 1 1 1
 0.0194794 0.202795 0.396737 1 1 1
 0.0194794 0.202795 0.396737 1 1 1
 0.0194794 0.202795 0.396737 1 1 1
 0.0194794 0.202795 0.396737 1 1 1
 0.00371395 0.12905 0.642304 1 1 1
 0.00371395 0.12905 0.642304 1 1 1
 0.00371395 0.12905 0.642304 1 1 1
 0.00371395 0.12905 0.642304 1 1 1
 0.00371395 0.12905 0.642304 1 1 1
 0.00371395 0.12905 0.642304 1 1 1
 0.00371395 0.12905 0.642304 1 1 1
 0.00371395 0.12905 0.642304 1 1 1
 0.0202506 0.169424 0.65073 1 1 1
 0.0202506 0.169424 0.65073 1 1 1
 0.0202506 0.169424 0.65073 1 1 1
 0.0202506 0.169424 0.65073 1 1 1
 0.0202506 0.169424 0.65073 1 1 1
 0.0202506 0.169424 0.65073 1 1 1
 0.0202506 0.169424 0.65073 1 1 1
 0.0202506 0.169424 0.65073 1 1 1

Fmult by year for each fleet
1973   0.5976
1974   1.53925
1975   1.13054
1976   0.492423
1977   0.736819
1978   1.36065
1979   1.26842
1980   0.940066
1981   0.653969
1982   0.896528
1983   1.3883
1984   1.93388
1985   1.84939
1986   1.03903
1987   1.03603
1988   0.361701
1989   1.57367
1990   2.68955
1991   2.34877
1992   1.89626
1993   1.02205
1994   1.57636
1995   0.707512
1996   0.841798
1997   1.33082
1998   1.34496
1999   1.55142
2000   1.4147
2001   1.98911
2002   1.0945
2003   0.858297
2004   0.978178
2005   0.668864
2006   0.608584
2007   0.391363
2008   0.301079
2009   0.200619

Directed F by age and year for each fleet
 fleet 1 directed F at age
 0.0807211 0.578664 0.597548 0.5976 0.5976 0.5976
 0.207915 1.49047 1.53911 1.53925 1.53925 1.53925
 0.152708 1.09471 1.13044 1.13054 1.13054 1.13054
 0.0665142 0.476819 0.492379 0.492423 0.492423 0.492423
 0.099526 0.71347 0.736754 0.736819 0.736819 0.736819
 0.0438511 0.56584 1.21593 1.36065 1.36065 1.36065
 0.0408785 0.527484 1.13351 1.26842 1.26842 1.26842
 0.0302965 0.390936 0.840081 0.940066 0.940066 0.940066
 0.0210761 0.27196 0.584413 0.653969 0.653969 0.653969
 0.0288933 0.37283 0.801174 0.896528 0.896528 0.896528
 0.044742 0.577337 1.24064 1.3883 1.3883 1.3883
 0.0623251 0.804223 1.72819 1.93388 1.93388 1.93388
 0.059602 0.769086 1.65269 1.84939 1.84939 1.84939
 0.126497 1.00516 1.03903 1.03903 1.03903 1.03903
 0.126132 1.00226 1.03603 1.03603 1.03603 1.03603
 0.0440353 0.349909 0.3617 0.361701 0.361701 0.361701
 0.0306541 0.319132 0.624332 1.57367 1.57367 1.57367
 0.0523908 0.545427 1.06705 2.68955 2.68955 2.68955
 0.0457525 0.476318 0.931843 2.34877 2.34877 2.34877
 0.036938 0.384552 0.752317 1.89626 1.89626 1.89626
 0.0199088 0.207266 0.405484 1.02205 1.02205 1.02205
 0.00585453 0.203429 1.0125 1.57636 1.57636 1.57636
 0.00262767 0.0913042 0.454438 0.707512 0.707512 0.707512
 0.0031264 0.108634 0.54069 0.841798 0.841798 0.841798
 0.00494262 0.171742 0.854793 1.33082 1.33082 1.33082
 0.00499512 0.173566 0.863872 1.34496 1.34496 1.34496
 0.0057619 0.20021 0.996483 1.55142 1.55142 1.55142
 0.00525412 0.182566 0.908665 1.4147 1.4147 1.4147
 0.00738746 0.256694 1.27761 1.98911 1.98911 1.98911
 0.0221643 0.185435 0.712226 1.0945 1.0945 1.0945
 0.017381 0.145416 0.55852 0.858297 0.858297 0.858297
 0.0198087 0.165727 0.63653 0.978178 0.978178 0.978178
 0.0135449 0.113322 0.43525 0.668864 0.668864 0.668864
 0.0123242 0.103109 0.396024 0.608584 0.608584 0.608584
 0.00792533 0.0663063 0.254671 0.391363 0.391363 0.391363
 0.00609702 0.05101 0.195921 0.301079 0.301079 0.301079
 0.00406266 0.0339898 0.130549 0.200619 0.200619 0.200619
Discard F by age and year for each fleet
 fleet 1 Discard F at age
 0 0 0 0 0 0
 0 0 0 0 0 0
 0 0 0 0 0 0
 0 0 0 0 0 0
 0 0 0 0 0 0
 0 0 0 0 0 0
 0 0 0 0 0 0
 0 0 0 0 0 0
 0 0 0 0 0 0
 0 0 0 0 0 0
 0 0 0 0 0 0
 0 0 0 0 0 0
 0 0 0 0 0 0
 0 0 0 0 0 0
 0 0 0 0 0 0
 0 0 0 0 0 0
 0 0 0 0 0 0
 0 0 0 0 0 0
 0 0 0 0 0 0
 0 0 0 0 0 0
 0 0 0 0 0 0
 0 0 0 0 0 0
 0 0 0 0 0 0
 0 0 0 0 0 0
 0 0 0 0 0 0
 0 0 0 0 0 0
 0 0 0 0 0 0
 0 0 0 0 0 0
 0 0 0 0 0 0
 0 0 0 0 0 0
 0 0 0 0 0 0
 0 0 0 0 0 0
 0 0 0 0 0 0
 0 0 0 0 0 0
 0 0 0 0 0 0
 0 0 0 0 0 0
 0 0 0 0 0 0
Total F
 0.0807211 0.578664 0.597548 0.5976 0.5976 0.5976
 0.207915 1.49047 1.53911 1.53925 1.53925 1.53925
 0.152708 1.09471 1.13044 1.13054 1.13054 1.13054
 0.0665142 0.476819 0.492379 0.492423 0.492423 0.492423
 0.099526 0.71347 0.736754 0.736819 0.736819 0.736819
 0.0438511 0.56584 1.21593 1.36065 1.36065 1.36065
 0.0408785 0.527484 1.13351 1.26842 1.26842 1.26842
 0.0302965 0.390936 0.840081 0.940066 0.940066 0.940066
 0.0210761 0.27196 0.584413 0.653969 0.653969 0.653969
 0.0288933 0.37283 0.801174 0.896528 0.896528 0.896528
 0.044742 0.577337 1.24064 1.3883 1.3883 1.3883
 0.0623251 0.804223 1.72819 1.93388 1.93388 1.93388
 0.059602 0.769086 1.65269 1.84939 1.84939 1.84939
 0.126497 1.00516 1.03903 1.03903 1.03903 1.03903
 0.126132 1.00226 1.03603 1.03603 1.03603 1.03603
 0.0440353 0.349909 0.3617 0.361701 0.361701 0.361701
 0.0306541 0.319132 0.624332 1.57367 1.57367 1.57367
 0.0523908 0.545427 1.06705 2.68955 2.68955 2.68955
 0.0457525 0.476318 0.931843 2.34877 2.34877 2.34877
 0.036938 0.384552 0.752317 1.89626 1.89626 1.89626
 0.0199088 0.207266 0.405484 1.02205 1.02205 1.02205
 0.00585453 0.203429 1.0125 1.57636 1.57636 1.57636
 0.00262767 0.0913042 0.454438 0.707512 0.707512 0.707512
 0.0031264 0.108634 0.54069 0.841798 0.841798 0.841798
 0.00494262 0.171742 0.854793 1.33082 1.33082 1.33082
 0.00499512 0.173566 0.863872 1.34496 1.34496 1.34496
 0.0057619 0.20021 0.996483 1.55142 1.55142 1.55142
 0.00525412 0.182566 0.908665 1.4147 1.4147 1.4147
 0.00738746 0.256694 1.27761 1.98911 1.98911 1.98911
 0.0221643 0.185435 0.712226 1.0945 1.0945 1.0945
 0.017381 0.145416 0.55852 0.858297 0.858297 0.858297
 0.0198087 0.165727 0.63653 0.978178 0.978178 0.978178
 0.0135449 0.113322 0.43525 0.668864 0.668864 0.668864
 0.0123242 0.103109 0.396024 0.608584 0.608584 0.608584
 0.00792533 0.0663063 0.254671 0.391363 0.391363 0.391363
 0.00609702 0.05101 0.195921 0.301079 0.301079 0.301079
 0.00406266 0.0339898 0.130549 0.200619 0.200619 0.200619

Average F for ages 4 to 5
Freport unweighted in .std and MCMC files
year    unweighted   Nweighted    Bweighted
1973  0.5976  0.5976  0.5976
1974  1.53925  1.53925  1.53925
1975  1.13054  1.13054  1.13054
1976  0.492423  0.492423  0.492423
1977  0.736819  0.736819  0.736819
1978  1.36065  1.36065  1.36065
1979  1.26842  1.26842  1.26842
1980  0.940066  0.940066  0.940066
1981  0.653969  0.653969  0.653969
1982  0.896528  0.896528  0.896528
1983  1.3883  1.3883  1.3883
1984  1.93388  1.93388  1.93388
1985  1.84939  1.84939  1.84939
1986  1.03903  1.03903  1.03903
1987  1.03603  1.03603  1.03603
1988  0.361701  0.361701  0.361701
1989  1.57367  1.57367  1.57367
1990  2.68955  2.68955  2.68955
1991  2.34877  2.34877  2.34877
1992  1.89626  1.89626  1.89626
1993  1.02205  1.02205  1.02205
1994  1.57636  1.57636  1.57636
1995  0.707512  0.707512  0.707512
1996  0.841798  0.841798  0.841798
1997  1.33082  1.33082  1.33082
1998  1.34496  1.34496  1.34496
1999  1.55142  1.55142  1.55142
2000  1.4147  1.4147  1.4147
2001  1.98911  1.98911  1.98911
2002  1.0945  1.0945  1.0945
2003  0.858297  0.858297  0.858297
2004  0.978178  0.978178  0.978178
2005  0.668864  0.668864  0.668864
2006  0.608584  0.608584  0.608584
2007  0.391363  0.391363  0.391363
2008  0.301079  0.301079  0.301079
2009  0.200619  0.200619  0.200619

Population Numbers at the Start of the Year
 37115.6 23959 39908 19217.7 11031.7 11804.8
 15333.4 22835.5 9599.19 16330.4 8030.39 9852.34
 41934.9 8307.16 3676.06 1531.99 2661.21 3011.33
 20673.1 24008.5 1986.56 882.852 375.697 1436.76
 70347.9 12901.2 10650.3 903.051 409.827 874.635
 59884.4 42475.5 4517 3791.78 328.311 484.104
 52343.6 38227.9 17237.5 995.923 738.736 163.739
 73926.4 33513.6 16120.3 4127.12 212.779 197.411
 188034 47835.8 16200.1 5175.83 1224.48 125.539
 79619.2 122799 26044.7 6716.73 2044.25 544.704
 18569.3 51591.8 60443.9 8694.06 2081.47 822.026
 23918 11843.3 20697.8 13001.7 1647.64 564.808
 31429.5 14988.9 3786.88 2734.18 1427.89 249.234
 7438.06 19749.8 4964.05 539.483 326.752 205.037
 15449.7 4371.53 5165.42 1306.29 144.978 147.067
 160357 9083.49 1146.66 1363.36 352.099 81.2466
 43831.5 102347 4574.74 594.018 721.267 234.757
 10713.3 28352.1 53156.1 1822.51 93.5262 154.36
 3169.85 6780.79 11743.2 13601.6 94.0118 13.2367
 2761.8 2019.66 3009.51 3439.85 986.512 7.95251
 3837.61 1775.25 982.534 1054.91 392.259 115.601
 8537.62 2509.14 1031.15 487.188 288.348 142.292
 6989.41 5661.16 1463.03 278.643 76.5 69.4917
 5787.06 4649.54 3692.57 690.785 104.315 56.3717
 13479 3847.78 2980.63 1599.41 226.112 54.0801
 7850.97 8945.88 2315.8 943.029 321.04 57.5991
 11600.2 5210.32 5374.29 726.064 186.632 76.6656
 5795.59 7692.63 3047.84 1475.72 116.888 43.5182
 4749.95 3845.27 4579.99 913.718 272.381 30.3814
 1983.39 3144.79 2125.8 949.408 94.9559 32.1485
 2119.63 1293.88 1866.96 775.632 241.371 33.1441
 3135.2 1389.38 799.498 794.369 249.73 90.3553
 10682.1 2050.09 841.249 314.648 226.868 99.6532
 8549.68 7028.87 1308.08 404.899 122.436 130.49
 3239.19 5632.59 4530.88 654.776 167.344 107.925
 7978.84 2143.41 3766.94 2612.34 336.275 145.507
 6662.29 5289.36 1455.56 2303.3 1468.39 278.105

Biomass Time Series
Year, TotJan1B, SSB, ExploitableB
1973  41776.4  22833.8  38260.7
1974  25320.8  9707.57  25104.2
1975  14168.5  3176.17  8209.5
1976  12446.4  3906.62  9918.6
1977  21003.4  4391.38  10775.2
1978  26704.9  5991.64  9722.78
1979  24811.9  7479.01  11728.4
1980  28817  8159.16  12330.2
1981  38259.6  10338  14276.2
1982  52585.5  18732.9  27381.1
1983  38903.3  17456.1  30391.5
1984  17706.3  5762.45  12981.5
1985  10732.5  2468.09  5027.95
1986  7623.47  2619.41  7810.85
1987  6761.46  1700.78  4117.28
1988  52055.2  2193.71  9253.85
1989  28302.3  9535.79  6079.62
1990  19730.4  10271.8  8485.37
1991  9349.18  4136.83  6883.96
1992  3101.84  1643.51  2745.17
1993  1769.37  937.184  1120.26
1994  1582.96  591.734  710.51
1995  1590.5  869.305  673.886
1996  2520.38  1592.01  1496.42
1997  3828.65  1477.13  1808.63
1998  4019.69  1694.76  1571.59
1999  4515.08  2008.55  2245.94
2000  4279.02  2010.55  2130.41
2001  3781.53  1668  2143.21
2002  2320.51  1270.88  1429.96
2003  1672.44  1040.99  1223.69
2004  1406.71  724.117  951.155
2005  1759.25  706.391  735.554
2006  2516.08  1197.09  1004.27
2007  3026.74  2095.82  1837.45
2008  3871.4  2485.65  2626.11
2009  3967.67  2737.31  2861.77

q by index
 index 1 q over time
1973  0.616266
1974  0.616266
1975  0.616266
1976  0.616266
1977  0.616266
1978  0.616266
1979  0.616266
1980  0.616266
1981  0.616266
1982  0.616266
1983  0.616266
1984  0.616266
1985  0.616266
1986  0.616266
1987  0.616266
1988  0.616266
1989  0.616266
1990  0.616266
1991  0.616266
1992  0.616266
1993  0.616266
1994  0.616266
1995  0.616266
1996  0.616266
1997  0.616266
1998  0.616266
1999  0.616266
2000  0.616266
2001  0.616266
2002  0.616266
2003  0.616266
2004  0.616266
2005  0.616266
2006  0.616266
2007  0.616266
2008  0.616266
2009  0.616266
 index 2 q over time
1973  0.302582
1974  0.302582
1975  0.302582
1976  0.302582
1977  0.302582
1978  0.302582
1979  0.302582
1980  0.302582
1981  0.302582
1982  0.302582
1983  0.302582
1984  0.302582
1985  0.302582
1986  0.302582
1987  0.302582
1988  0.302582
1989  0.302582
1990  0.302582
1991  0.302582
1992  0.302582
1993  0.302582
1994  0.302582
1995  0.302582
1996  0.302582
1997  0.302582
1998  0.302582
1999  0.302582
2000  0.302582
2001  0.302582
2002  0.302582
2003  0.302582
2004  0.302582
2005  0.302582
2006  0.302582
2007  0.302582
2008  0.302582
2009  0.302582

Proportions of catch at age by fleet
 fleet 1
Year 1 Obs  =  0.00545691 0.144785 0.320763 0.216458 0.14188 0.170658
Year 1 Pred =  0.0537932 0.205925 0.357396 0.173668 0.100507 0.108711
Year 2 Obs  =  0.0169397 0.555763 0.117739 0.158347 0.0792596 0.0719506
Year 2 Pred =  0.0484138 0.317582 0.137434 0.235569 0.116628 0.144373
Year 3 Obs  =  0.444401 0.220404 0.104175 0.0624274 0.0883052 0.0802875
Year 3 Pred =  0.299746 0.295334 0.135177 0.0567958 0.0993884 0.113559
Year 4 Obs  =  0.0209783 0.66913 0.128152 0.0355435 0.0488043 0.0973913
Year 4 Pred =  0.103952 0.743011 0.0641628 0.028779 0.0123491 0.0477454
Year 5 Obs  =  0.309764 0.296172 0.304651 0.0316124 0.0173338 0.0404664
Year 5 Pred =  0.321278 0.333057 0.285897 0.0244558 0.0111871 0.0241258
Year 6 Obs  =  0.312325 0.525768 0.0862784 0.0586358 0.00985241 0.00714001
Year 6 Pred =  0.0886246 0.663295 0.118615 0.106384 0.00927625 0.0138053
Year 7 Obs  =  0.00653549 0.632045 0.304111 0.0373155 0.01539 0.00460295
Year 7 Pred =  0.0642743 0.50281 0.387045 0.0239623 0.0179021 0.00400552
Year 8 Obs  =  0.0423678 0.445853 0.303951 0.176525 0.0236043 0.00769905
Year 8 Pred =  0.0837146 0.429244 0.373093 0.103529 0.00537848 0.00504042
Year 9 Obs  =  0.00184512 0.359635 0.409508 0.158789 0.060292 0.00993108
Year 9 Pred =  0.146315 0.441988 0.285428 0.0999592 0.0238394 0.0024702
Year 10 Obs  =  0.00311582 0.669013 0.28135 0.0366404 0.00818395 0.00169595
Year 10 Pred =  0.0357123 0.627563 0.24243 0.0678742 0.0208173 0.00560342
Year 11 Obs  =  0.0355781 0.277899 0.624782 0.0532119 0.00569072 0.00283797
Year 11 Pred =  0.0100823 0.294258 0.577157 0.088621 0.0213659 0.00851598
Year 12 Obs  =  0.0132301 0.165658 0.560028 0.2286 0.024715 0.00776918
Year 12 Pred =  0.0349409 0.166729 0.45 0.297312 0.0379139 0.0131045
Year 13 Obs  =  0.132837 0.507877 0.142054 0.128653 0.0724979 0.0160816
Year 13 Pred =  0.102483 0.477194 0.188375 0.143347 0.0753399 0.0132612
Year 14 Obs  =  0.0290806 0.662706 0.229467 0.0438627 0.0245907 0.0102922
Year 14 Pred =  0.0482374 0.722439 0.188152 0.0206174 0.0125813 0.00797301
Year 15 Obs  =  0.175854 0.39439 0.288537 0.112927 0.0203659 0.00792683
Year 15 Pred =  0.193603 0.309286 0.378691 0.0965615 0.0107974 0.0110616
Year 16 Obs  =  0.621881 0.236617 0.0627855 0.0592714 0.0156964 0.00374839
Year 16 Pred =  0.648315 0.262125 0.034636 0.0415697 0.0108275 0.00252658
Year 17 Obs  =  0.000990723 0.834009 0.142484 0.0202198 0.00216158 0.000135099
Year 17 Pred =  0.0388495 0.854684 0.0665945 0.0151962 0.0185762 0.00610005
Year 18 Obs  =  0.00388127 0.0424697 0.903484 0.048056 0.00199672 0.000112176
Year 18 Pred =  0.0103605 0.236394 0.712221 0.0360693 0.00186097 0.00309328
Year 19 Obs  =  0.0244617 0.0899774 0.298054 0.57427 0.0101263 0.00311108
Year 19 Pred =  0.00583376 0.110501 0.314888 0.564299 0.00392289 0.000556545
Year 20 Obs  =  0.063631 0.198457 0.295016 0.396618 0.0436072 0.00266983
Year 20 Pred =  0.0150616 0.101103 0.256216 0.486167 0.140311 0.00114053
Year 21 Obs  =  0.00684541 0.248716 0.253851 0.40559 0.0827153 0.0022818
Year 21 Pred =  0.0406786 0.185529 0.187124 0.394757 0.147894 0.0440183
Year 22 Obs  =  0.08353 0.279849 0.254365 0.192072 0.14488 0.0453044
Year 22 Pred =  0.0244043 0.234886 0.346687 0.2082 0.124058 0.0617647
Year 23 Obs  =  0.00102564 0.347692 0.281026 0.28 0.0584615 0.0317949
Year 23 Pred =  0.0137681 0.383956 0.426866 0.114587 0.0317115 0.0291106
Year 24 Obs  =  0.00207792 0.255065 0.587532 0.123636 0.0161039 0.0155844
Year 24 Pred =  0.00672829 0.184676 0.612638 0.158634 0.0241425 0.0131808
Year 25 Obs  =  0.00606277 0.0649073 0.542439 0.328103 0.0410128 0.017475
Year 25 Pred =  0.0163981 0.15547 0.45409 0.317861 0.0452558 0.0109253
Year 26 Obs  =  0.00171233 0.421918 0.399315 0.144863 0.0267123 0.00547945
Year 26 Pred =  0.00970486 0.366977 0.357171 0.189438 0.0649478 0.0117613
Year 27 Obs  =  0.0212177 0.133149 0.655597 0.148216 0.0289053 0.0129151
Year 27 Pred =  0.0119814 0.176493 0.657014 0.113108 0.0292715 0.0121319
Year 28 Obs  =  0.00556242 0.36063 0.440667 0.172435 0.0176143 0.00309023
Year 28 Pred =  0.00649009 0.284736 0.418267 0.261782 0.0208799 0.00784522
Year 29 Obs  =  0 0.155885 0.614074 0.17261 0.0438624 0.0135689
Year 29 Pred =  0.00614358 0.159107 0.629781 0.153685 0.0460987 0.00518399
Year 30 Obs  =  0.00341797 0.187988 0.563477 0.228027 0.0166016 0.000488281
Year 30 Pred =  0.0171481 0.217809 0.457151 0.27122 0.0273281 0.00934294
Year 31 Obs  =  0.00210084 0.163866 0.511905 0.289216 0.0238095 0.00910364
Year 31 Pred =  0.0211474 0.105092 0.493365 0.280295 0.0879052 0.0121946
Year 32 Obs  =  0.204641 0.122363 0.244023 0.214487 0.14346 0.0710267
Year 32 Pred =  0.0422649 0.151237 0.276445 0.370013 0.117208 0.0428324
Year 33 Obs  =  0.0431849 0.249663 0.25641 0.226721 0.157895 0.0661269
Year 33 Pred =  0.140036 0.221663 0.307636 0.161338 0.117268 0.0520585
Year 34 Obs  =  0.0509491 0.353646 0.303696 0.158841 0.0609391 0.0719281
Year 34 Pred =  0.0655696 0.446459 0.284567 0.124539 0.0379665 0.0408993
Year 35 Obs  =  0.00721154 0.223558 0.563301 0.141026 0.0360577 0.0288462
Year 35 Pred =  0.0141864 0.20741 0.598496 0.126177 0.0325219 0.0212093
Year 36 Obs  =  0.0234926 0.0524667 0.358653 0.518403 0.0399374 0.00704777
Year 36 Pred =  0.0280319 0.0637147 0.409667 0.420159 0.0545529 0.0238741
Year 37 Obs  =  0.0152174 0.182609 0.167391 0.345652 0.273913 0.0152174
Year 37 Pred =  0.0227437 0.153856 0.158379 0.376496 0.242135 0.046391

Proportions of Discards at age by fleet
 fleet 1
Year 1 Obs  =  0 0 0 0 0 0
Year 1 Pred =  1e-015 1e-015 1e-015 1e-015 1e-015 1e-015
Year 2 Obs  =  0 0 0 0 0 0
Year 2 Pred =  1e-015 1e-015 1e-015 1e-015 1e-015 1e-015
Year 3 Obs  =  0 0 0 0 0 0
Year 3 Pred =  1e-015 1e-015 1e-015 1e-015 1e-015 1e-015
Year 4 Obs  =  0 0 0 0 0 0
Year 4 Pred =  1e-015 1e-015 1e-015 1e-015 1e-015 1e-015
Year 5 Obs  =  0 0 0 0 0 0
Year 5 Pred =  1e-015 1e-015 1e-015 1e-015 1e-015 1e-015
Year 6 Obs  =  0 0 0 0 0 0
Year 6 Pred =  1e-015 1e-015 1e-015 1e-015 1e-015 1e-015
Year 7 Obs  =  0 0 0 0 0 0
Year 7 Pred =  1e-015 1e-015 1e-015 1e-015 1e-015 1e-015
Year 8 Obs  =  0 0 0 0 0 0
Year 8 Pred =  1e-015 1e-015 1e-015 1e-015 1e-015 1e-015
Year 9 Obs  =  0 0 0 0 0 0
Year 9 Pred =  1e-015 1e-015 1e-015 1e-015 1e-015 1e-015
Year 10 Obs  =  0 0 0 0 0 0
Year 10 Pred =  1e-015 1e-015 1e-015 1e-015 1e-015 1e-015
Year 11 Obs  =  0 0 0 0 0 0
Year 11 Pred =  1e-015 1e-015 1e-015 1e-015 1e-015 1e-015
Year 12 Obs  =  0 0 0 0 0 0
Year 12 Pred =  1e-015 1e-015 1e-015 1e-015 1e-015 1e-015
Year 13 Obs  =  0 0 0 0 0 0
Year 13 Pred =  1e-015 1e-015 1e-015 1e-015 1e-015 1e-015
Year 14 Obs  =  0 0 0 0 0 0
Year 14 Pred =  1e-015 1e-015 1e-015 1e-015 1e-015 1e-015
Year 15 Obs  =  0 0 0 0 0 0
Year 15 Pred =  1e-015 1e-015 1e-015 1e-015 1e-015 1e-015
Year 16 Obs  =  0 0 0 0 0 0
Year 16 Pred =  1e-015 1e-015 1e-015 1e-015 1e-015 1e-015
Year 17 Obs  =  0 0 0 0 0 0
Year 17 Pred =  1e-015 1e-015 1e-015 1e-015 1e-015 1e-015
Year 18 Obs  =  0 0 0 0 0 0
Year 18 Pred =  1e-015 1e-015 1e-015 1e-015 1e-015 1e-015
Year 19 Obs  =  0 0 0 0 0 0
Year 19 Pred =  1e-015 1e-015 1e-015 1e-015 1e-015 1e-015
Year 20 Obs  =  0 0 0 0 0 0
Year 20 Pred =  1e-015 1e-015 1e-015 1e-015 1e-015 1e-015
Year 21 Obs  =  0 0 0 0 0 0
Year 21 Pred =  1e-015 1e-015 1e-015 1e-015 1e-015 1e-015
Year 22 Obs  =  0 0 0 0 0 0
Year 22 Pred =  1e-015 1e-015 1e-015 1e-015 1e-015 1e-015
Year 23 Obs  =  0 0 0 0 0 0
Year 23 Pred =  1e-015 1e-015 1e-015 1e-015 1e-015 1e-015
Year 24 Obs  =  0 0 0 0 0 0
Year 24 Pred =  1e-015 1e-015 1e-015 1e-015 1e-015 1e-015
