Age Structured Assessment Program (ASAP) Version 3.0
Start time for run: Fri Dec 15 12:02:23 2017

obj_fun        = 2502.86

Component                Lambda          obj_fun
__Catch_Fleet_1               1          -55.7957
Catch_Fleet_Total             1          -55.7957
Discard_Fleet_Total           0          0
__Index_Fit_1                 1          -18.7978
__Index_Fit_2                 1          1.61106
Index_Fit_Total               2          -17.1867
Catch_Age_Comps       see_below          1371.5
Discard_Age_Comps     see_below          0
Index_Age_Comps       see_below          1204.34
__Sel_Param_1                 0          0
__Sel_Param_2                 0          -0
__Sel_Param_3                 0          -0
__Sel_Param_7                 0          0
__Sel_Param_8                 0          -0
__Sel_Param_9                 0          -0
__Sel_Param_13                0          0
__Sel_Param_14                0          0
__Sel_Param_15                0          -0
__Sel_Param_19                0          0
__Sel_Param_20                0          -0
__Sel_Param_21                0          0
__Sel_Param_25                0          0
__Sel_Param_26                0          0
__Sel_Param_27                0          -0
__Sel_Param_31                0          0
__Sel_Param_32                0          -0
__Sel_Param_33                0          -0
Sel_Params_Total              0          0
__Index_Sel_Param_1           0          0
__Index_Sel_Param_2           0          0
__Index_Sel_Param_3           0          -0
__Index_Sel_Param_7           0          -0
__Index_Sel_Param_8           0          -0
__Index_Sel_Param_9           0          -0
Index_Sel_Params_Total        0          0
q_year1_Total                 0          0
q_devs_Total                  0          0
__Fmult_year1_fleet_1         0          -0
Fmult_year1_fleet_Total       0          0
Fmult_devs_fleet_Total        0          0
N_year_1                      0          0
Recruit_devs                  0          0
SR_steepness                  0          0
SR_scaler                     0          0
Fmult_Max_penalty          1000          0
F_penalty                     0          0

 Input and Estimated effective sample sizes for fleet 1
1973  18  53.1039
1974  18  11.2457
1975  18  26.9408
1976  18  20.7173
1977  18  273.436
1978  18  7.10314
1979  18  23.3246
1980  18  54.0868
1981  18  13.6291
1982  18  104.637
1983  18  115.728
1984  18  38.2266
1985  18  192.509
1986  18  57.2192
1987  18  48.9228
1988  18  184.608
1989  18  31.4644
1990  18  5.65199
1991  18  429.988
1992  18  21.9506
1993  18  47.3967
1994  18  51.8657
1995  18  12.7887
1996  37  84.7023
1997  37  40.7108
1998  37  86.66
1999  37  155.769
2000  37  49.2764
2001  37  723.513
2002  37  39.4993
2003  37  79.2818
2004  37  12.8482
2005  37  54.0146
2006  37  54.7794
2007  37  920.746
2008  37  38.5142
2009  37  111.675
2010  37  93.2723
2011  37  52.2923
2012  37  46.2621
 Total  1043  4470.36

 Input and Estimated effective Discard sample sizes for fleet 1
1973  0  0
1974  0  0
1975  0  0
1976  0  0
1977  0  0
1978  0  0
1979  0  0
1980  0  0
1981  0  0
1982  0  0
1983  0  0
1984  0  0
1985  0  0
1986  0  0
1987  0  0
1988  0  0
1989  0  0
1990  0  0
1991  0  0
1992  0  0
1993  0  0
1994  0  0
1995  0  0
1996  0  0
1997  0  0
1998  0  0
1999  0  0
2000  0  0
2001  0  0
2002  0  0
2003  0  0
2004  0  0
2005  0  0
2006  0  0
2007  0  0
2008  0  0
2009  0  0
2010  0  0
2011  0  0
2012  0  0
 Total  0  0

Observed and predicted total fleet catch by year and standardized residual
 fleet 1 total catches
1973  14549  15299.3  -0.253926
1974  17088  17999.7  -0.262449
1975  5732  5286.11  0.408915
1976  3436  3393.88  0.0622745
1977  5223  5163.36  0.0579864
1978  8085  7861.96  0.141253
1979  9883  8746.23  0.617006
1980  8021  7319.82  0.461905
1981  6607  6511.18  0.0737677
1982  15764  16090.6  -0.103555
1983  22211  22203.7  0.00166081
1984  11225  10807.2  0.191526
1985  4817  4576.93  0.258143
1986  4620  4487.33  0.147119
1987  2652  2444.11  0.4122
1988  2782  2580.65  0.379359
1989  8349  6469.01  1.28821
1990  17916  12237  1.925
1991  6430  6565.79  -0.105524
1992  2695  2362.16  0.665626
1993  771  693.425  0.535469
1994  735  582.232  1.17653
1995  343  337.162  0.0866826
1996  759  843.626  -0.533763
1997  1222  1332.56  -0.437335
1998  1087  1239.23  -0.661826
1999  1403  1903.37  -1.54013
2000  1397  1696.5  -0.980804
2001  1449  2061.45  -1.78009
2002  945  953.735  -0.0464595
2003  666  664.927  0.00814364
2004  619  562.491  0.48338
2005  346  341.396  0.0676471
2006  396  455.171  -0.703176
2007  502  575.418  -0.689229
2008  583  642.891  -0.493777
2009  453  475.293  -0.242567
2010  291  300.85  -0.168095
2011  390  415.488  -0.319669
2012  563  577.387  -0.127415
Observed and predicted total fleet Discards by year and standardized residual
 fleet 1 total Discards
1973  0  0  0
1974  0  0  0
1975  0  0  0
1976  0  0  0
1977  0  0  0
1978  0  0  0
1979  0  0  0
1980  0  0  0
1981  0  0  0
1982  0  0  0
1983  0  0  0
1984  0  0  0
1985  0  0  0
1986  0  0  0
1987  0  0  0
1988  0  0  0
1989  0  0  0
1990  0  0  0
1991  0  0  0
1992  0  0  0
1993  0  0  0
1994  0  0  0
1995  0  0  0
1996  0  0  0
1997  0  0  0
1998  0  0  0
1999  0  0  0
2000  0  0  0
2001  0  0  0
2002  0  0  0
2003  0  0  0
2004  0  0  0
2005  0  0  0
2006  0  0  0
2007  0  0  0
2008  0  0  0
2009  0  0  0
2010  0  0  0
2011  0  0  0
2012  0  0  0

Index data
index number 1
aggregate units = 2
proportions units = 2
month = 4
starting and ending ages for selectivity = 1  6
selectivity choice = -1
 year, obs index, pred index, standardized residual
1973  45993.3  39144.3  0.741659
1974  18318.7  19358.5  -0.176826
1975  4839.41  5968.59  -0.738011
1976  5942.61  7048.85  -0.563576
1977  6925.37  7591.37  -0.244024
1978  18730.7  12043.2  1.60761
1979  5889.55  13929.6  -2.75703
1980  14774.4  14662.4  0.0335192
1981  27000.5  20512.3  0.967142
1982  43523.9  38726.7  0.41096
1983  30456.2  32354.9  -0.245611
1984  8397.88  12901.4  -1.56281
1985  6074.29  5621.9  0.221707
1986  7020.75  5525.58  1.05479
1987  1593.48  3155.62  -2.06583
1988  2035.3  4759.36  -2.43339
1989  17077.9  23991.6  -1.23727
1990  25849.5  22343.8  0.481133
1991  11510  9289.97  0.905485
1992  3741.82  2967.09  0.790263
1993  1493.45  1446.04  0.100331
1994  529.85  1288.74  -2.36215
1995  2393.74  2045.44  0.535647
1996  3908.97  2746.29  1.03849
1997  4137.04  2669.55  1.02014
1998  6162.7  3289.58  1.95252
1999  5117.79  3273.77  1.96782
2000  4801.36  3334.52  1.327
2001  2626.64  2600.24  0.0305413
2002  2910.49  1856.41  1.00654
2003  750.44  1402.87  -1.42798
2004  1002.58  1071.65  -0.152072
2005  1143.77  1103.24  0.106141
2006  3334.65  2214.76  0.898713
2007  2429.57  3092.27  -0.821611
2008  2112.49  3233.5  -0.690501
2009  3367.55  3522.19  -0.143794
2010  4738.41  4026.02  1.25851
2011  3828.25  4517.15  -0.980353
2012  4154.04  5955.52  -1.91292
index number 2
aggregate units = 2
proportions units = 2
month = 10
starting and ending ages for selectivity = 1  6
selectivity choice = -1
 year, obs index, pred index, standardized residual
1973  17343  18739.6  -0.155664
1974  7069.14  6005.05  0.333469
1975  3338  4542.23  -0.555524
1976  10016.5  5442.02  1.42072
1977  5279.03  7789.54  -0.944509
1978  8912.42  10288.2  -0.411208
1979  7917.85  10396.4  -0.927728
1980  6111.82  12460.4  -1.59446
1981  24538.3  24071.6  0.0564925
1982  35005.5  28065.8  0.459532
1983  27070.6  14337.4  1.57687
1984  6421.5  5105.24  0.609611
1985  1397.52  4294.9  -2.61452
1986  3102.43  2926.1  0.142059
1987  2330.01  2117.52  0.195467
1988  5754.22  12831.6  -2.35917
1989  11846.9  19401.8  -1.22388
1990  5562.57  9951.51  -1.35453
1991  2649.75  3118.8  -0.423058
1992  629.04  1167.46  -1.14837
1993  579.77  924.84  -1.0453
1994  1704.84  1207.36  0.717589
1995  1389.37  1829.39  -0.395089
1996  1066.77  1930.3  -1.10128
1997  3556.07  2153.31  1.24459
1998  3107.97  2488.85  0.462017
1999  2256.89  2361.9  -0.0711813
2000  2545.21  2224.15  0.233228
2001  1413.65  1430.22  -0.0219676
2002  3443.4  1076.72  2.22591
2003  1953.92  792.05  1.52105
2004  303.12  691.91  -1.92195
2005  3025.86  1255.43  2.52004
2006  4060.28  1991.53  1.76734
2007  1983.45  2121.69  -0.137719
2008  3774.11  2149.16  1.21385
2009  1949.61  2475.61  -0.74292
2010  14077.9  2725.09  3.30034
2011  2300.53  3476.12  -0.631565
2012  5822.16  3957.79  0.898852

Input effective sample sizes by index (row=index, column=year)
 12 12 12 12 12 12 12 12 12 12 12 12 12 12 12 12 12 12 12 12 12 12 12 12 12 12 12 12 12 12 12 12 12 12 12 12 12 12 12 12
 12 12 12 12 12 12 12 12 12 12 12 12 12 12 12 12 12 12 12 12 12 12 12 12 12 12 12 12 12 12 12 12 12 12 12 12 12 12 12 12
Estimated effective sample sizes by index (row=index, column=year)
 115.475 139.811 49.5793 175.314 25.5591 21.6206 18.7497 80.0836 14.7395 353.136 70.3322 8.78357 33.1037 84.3481 7.84133 9.96402 98.6677 5.45625 28.1218 5.26964 15.1767 4.45335 6.6278 9.13334 28.9803 8.30494 17.5933 8.70009 4.88183 3.94299 165.978 8.12134 12.9008 16.2504 94.4933 16.335 110.231 48.8509 62.3036 42.1769
 227.722 69.0008 139.629 388.713 20.3838 20.5037 29.5738 9.77328 19.2655 24.4112 23.37 48.3103 38.8735 484.718 72.8876 110.501 9.35903 62.8437 8.08912 3.45372 4.95883 125.718 15.5091 4.6507 4.76933 34.0099 5.62514 10.9511 18.7541 48.6491 1.98839 13.1845 14.1627 65.7671 10.379 38.8447 47.1253 17.7651 13.7992 38.1027

Index proportions at age by index
 Index number 1
Year 1973 Obs  =  0.0198451 0.120089 0.328147 0.184446 0.143075 0.204398
Year 1973 Pred =  0.00932634 0.12104 0.349593 0.236632 0.136477 0.146932
Year 1974 Obs  =  0.0323298 0.136895 0.16135 0.31115 0.189779 0.168497
Year 1974 Pred =  0.00752014 0.186019 0.133132 0.318546 0.158782 0.196
Year 1975 Obs  =  0.0856282 0.312654 0.0932841 0.120837 0.216884 0.170713
Year 1975 Pred =  0.0672298 0.24136 0.182017 0.106437 0.187541 0.215415
Year 1976 Obs  =  0.00317032 0.723716 0.0976154 0.0468649 0.0445141 0.0841196
Year 1976 Pred =  0.0286879 0.686285 0.0973256 0.0603272 0.0259782 0.101396
Year 1977 Obs  =  0.219988 0.235979 0.416121 0.038011 0.0237893 0.066112
Year 1977 Pred =  0.0900208 0.322556 0.455774 0.0536267 0.0244785 0.0535443
Year 1978 Obs  =  0.163612 0.634234 0.112641 0.0480981 0.0156262 0.0257877
Year 1978 Pred =  0.0488096 0.695883 0.107518 0.12144 0.0105223 0.0158279
Year 1979 Obs  =  0.166619 0.492719 0.26245 0.0472567 0.0205789 0.010376
Year 1979 Pred =  0.0369503 0.545296 0.363905 0.0280399 0.021086 0.0047228
Year 1980 Obs  =  0.0450794 0.441312 0.299064 0.188574 0.0185713 0.00739997
Year 1980 Pred =  0.0498738 0.470605 0.347124 0.120323 0.0062147 0.00585867
Year 1981 Obs  =  0.0314469 0.676331 0.175683 0.0906099 0.0217581 0.00417067
Year 1981 Pred =  0.0909069 0.496575 0.266621 0.11555 0.0275047 0.00284271
Year 1982 Obs  =  0.00781571 0.688143 0.223391 0.0560099 0.0183577 0.00628276
Year 1982 Pred =  0.0203372 0.658841 0.216595 0.0752208 0.0228657 0.00614039
Year 1983 Obs  =  0.00217755 0.355656 0.589323 0.0400614 0.0115651 0.00121683
Year 1983 Pred =  0.00564276 0.314556 0.540452 0.10446 0.0250078 0.00988209
Year 1984 Obs  =  0.00932379 0.110034 0.218891 0.530741 0.0806514 0.0503592
Year 1984 Pred =  0.0181477 0.170445 0.409243 0.342975 0.0440819 0.0151083
Year 1985 Obs  =  0.0734474 0.443816 0.111607 0.132179 0.196384 0.042568
Year 1985 Pred =  0.0551193 0.499123 0.173376 0.167139 0.089416 0.0158263
Year 1986 Obs  =  0.00387138 0.688603 0.217933 0.056306 0.0295353 0.00375174
Year 1986 Pred =  0.0129963 0.63456 0.270452 0.040629 0.0251517 0.0162106
Year 1987 Obs  =  0 0.0906324 0.73468 0.174688 0 0
Year 1987 Pred =  0.0470871 0.244328 0.49411 0.174877 0.0193464 0.0202515
Year 1988 Obs  =  0.197465 0.292743 0.102191 0.142559 0.241389 0.0236525
Year 1988 Pred =  0.330811 0.396145 0.0848204 0.142437 0.0371238 0.00866264
Year 1989 Obs  =  0.0134577 0.932524 0.0446138 0.00940397 0 0
Year 1989 Pred =  0.0181484 0.894354 0.0637322 0.00898893 0.011116 0.00366019
Year 1990 Obs  =  0.00491306 0.0266775 0.843523 0.121401 0.00348479 0
Year 1990 Pred =  0.0047376 0.25349 0.715867 0.0227739 0.00116604 0.00196555
Year 1991 Obs  =  0.0301034 0.0733666 0.309697 0.512925 0.0664961 0.00741182
Year 1991 Pred =  0.00337016 0.148395 0.396187 0.448451 0.00314897 0.000447194
Year 1992 Obs  =  0.00879786 0.0226467 0.255114 0.713442 0 0
Year 1992 Pred =  0.00918847 0.141335 0.332625 0.39963 0.116268 0.000953879
Year 1993 Obs  =  0.0181995 0.283464 0.125388 0.493836 0.0791121 0
Year 1993 Pred =  0.0263251 0.265835 0.242557 0.312068 0.117908 0.0353064
Year 1994 Obs  =  0 0.721072 0.0439936 0 0.183448 0.0514863
Year 1994 Pred =  0.0659165 0.42249 0.245049 0.140347 0.0839468 0.0422503
Year 1995 Obs  =  0.0110037 0.815832 0.0476576 0.0643512 0.0130507 0.0481046
Year 1995 Pred =  0.0340558 0.617479 0.252493 0.0625818 0.0173588 0.0160321
Year 1996 Obs  =  0 0.16995 0.557214 0.242165 0.0306704 0
Year 1996 Pred =  0.0209926 0.376396 0.464457 0.111948 0.0169123 0.00929366
Year 1997 Obs  =  0.0212567 0.357553 0.462065 0.132015 0.0271112 0
Year 1997 Pred =  0.0502175 0.315319 0.356848 0.23609 0.033474 0.00805149
Year 1998 Obs  =  0.0184075 0.817895 0.104595 0.0436838 0.00984633 0.00557223
Year 1998 Pred =  0.0238002 0.593891 0.224289 0.112595 0.0384899 0.00693521
Year 1999 Obs  =  0.0115812 0.21242 0.630265 0.113956 0.0242937 0.00748371
Year 1999 Pred =  0.0353503 0.346232 0.505572 0.082676 0.0213521 0.00881768
Year 2000 Obs  =  0.00668352 0.403184 0.516162 0.0684848 0.00548595 0
Year 2000 Pred =  0.0172843 0.504406 0.288654 0.170922 0.0136293 0.00510441
Year 2001 Obs  =  0 0.0440601 0.736538 0.152541 0.0522797 0.0145814
Year 2001 Pred =  0.0180798 0.31638 0.508025 0.118161 0.0353767 0.00397797
Year 2002 Obs  =  0.0280158 0.683831 0.135028 0.114726 0.0383989 0
Year 2002 Pred =  0.0103934 0.3668 0.380316 0.21354 0.0215954 0.00735533
Year 2003 Obs  =  0.0688254 0.167473 0.452382 0.239083 0.0722367 0
Year 2003 Pred =  0.0145684 0.199291 0.454351 0.247345 0.074136 0.0103081
Year 2004 Obs  =  0.0271103 0.226578 0.486959 0.137058 0.090288 0.0320077
Year 2004 Pred =  0.0276926 0.27567 0.246707 0.316723 0.0987253 0.0344814
Year 2005 Obs  =  0.214711 0.300087 0.141208 0.0984027 0.222562 0.0230291
Year 2005 Pred =  0.0870423 0.393024 0.260525 0.128937 0.0911507 0.0393199
Year 2006 Obs  =  0.0251601 0.793738 0.112273 0.0530311 0 0.0157978
Year 2006 Pred =  0.0354447 0.636713 0.198522 0.080597 0.0238994 0.0248241
Year 2007 Obs  =  0 0.396358 0.543565 0.0600765 0 0
Year 2007 Pred =  0.0123657 0.37637 0.479615 0.0942134 0.0230665 0.0143696
Year 2008 Obs  =  0 0.0393185 0.541915 0.379794 0.038973 0
Year 2008 Pred =  0.0214604 0.176638 0.395565 0.34509 0.0434832 0.0177632
Year 2009 Obs  =  0.0394994 0.241036 0.218994 0.335979 0.152724 0.0117682
Year 2009 Pred =  0.0200455 0.296411 0.184457 0.296787 0.17113 0.0311699
Year 2010 Obs  =  0.028606 0.317117 0.357211 0.128131 0.157784 0.0111508
Year 2010 Pred =  0.0130139 0.265637 0.305519 0.144559 0.159782 0.111489
Year 2011 Obs  =  0.0778745 0.228946 0.261031 0.274736 0.0741135 0.0832994
Year 2011 Pred =  0.0330429 0.175861 0.282413 0.256374 0.0861067 0.166203
Year 2012 Obs  =  0.0124972 0.494904 0.111692 0.153304 0.108417 0.119185
Year 2012 Pred =  0.00817178 0.379247 0.157797 0.198231 0.127197 0.129356
 Index number 2
Year 1973 Obs  =  0.119324 0.150538 0.340303 0.18644 0.132132 0.071264
Year 1973 Pred =  0.13277 0.161015 0.315581 0.176203 0.102594 0.111838
Year 1974 Obs  =  0.143825 0.226914 0.0805289 0.316983 0.134204 0.0975437
Year 1974 Pred =  0.154991 0.241001 0.115972 0.228892 0.115182 0.143962
Year 1975 Obs  =  0.571739 0.157148 0.0579031 0.0870644 0.0831009 0.0430439
Year 1975 Pred =  0.580543 0.155388 0.0791034 0.0381563 0.0678725 0.0789371
Year 1976 Obs  =  0.274768 0.58828 0.048958 0.00646431 0.0102111 0.071319
Year 1976 Pred =  0.255012 0.595219 0.0573382 0.0293172 0.0127451 0.0503688
Year 1977 Obs  =  0.510178 0.324685 0.127419 0.00740478 0.0063383 0.0239741
Year 1977 Pred =  0.59203 0.18645 0.178524 0.0173269 0.00798455 0.0176842
Year 1978 Obs  =  0.277989 0.637789 0.0395617 0.0315021 0.00320452 0.00995354
Year 1978 Pred =  0.396674 0.521234 0.039785 0.0346581 0.00303165 0.00461744
Year 1979 Obs  =  0.224595 0.493926 0.237504 0.0361866 0.0039531 0.00383438
Year 1979 Pred =  0.344227 0.476656 0.160601 0.00958748 0.00727859 0.00165067
Year 1980 Obs  =  0.224752 0.566796 0.147518 0.0609345 0 0
Year 1980 Pred =  0.410229 0.387136 0.155786 0.0425162 0.00221692 0.0021161
Year 1981 Obs  =  0.456806 0.461127 0.0657022 0.00959521 0.00556436 0.00120465
Year 1981 Pred =  0.544015 0.314299 0.0985337 0.0341 0.00819442 0.000857533
Year 1982 Obs  =  0.0807355 0.712466 0.175838 0.0214155 0.00954477 0
Year 1982 Pred =  0.196322 0.642548 0.116665 0.0319817 0.00981465 0.00266866
Year 1983 Obs  =  0.098224 0.584359 0.290064 0.0240021 0.00198149 0.00136901
Year 1983 Pred =  0.0883832 0.452633 0.382692 0.0570024 0.0137767 0.00551222
Year 1984 Obs  =  0.315164 0.278223 0.333711 0.0729019 0 0
Year 1984 Pred =  0.315461 0.244342 0.253228 0.159151 0.0206507 0.00716634
Year 1985 Obs  =  0.58855 0.297584 0.075863 0.038003 0 0
Year 1985 Pred =  0.496942 0.376993 0.0576142 0.0418177 0.0225851 0.00404757
Year 1986 Obs  =  0.173763 0.602503 0.169521 0.0486617 0.00555047 0
Year 1986 Pred =  0.163435 0.613925 0.177841 0.022038 0.013773 0.00898811
Year 1987 Obs  =  0.498792 0.24245 0.211192 0.0194377 0.0163604 0.0117682
Year 1987 Pred =  0.46707 0.185816 0.255398 0.0745627 0.00832747 0.00882629
Year 1988 Obs  =  0.872351 0.0634683 0.0281498 0.0281116 0.00263981 0.00527961
Year 1988 Pred =  0.851704 0.104889 0.0153067 0.021203 0.00557897 0.00131813
Year 1989 Obs  =  0.00190176 0.863039 0.119851 0.0142636 0.000944549 0
Year 1989 Pred =  0.156858 0.80303 0.0336103 0.00244016 0.0030464 0.00101566
Year 1990 Obs  =  0.0049042 0.351089 0.596556 0.047451 0 0
Year 1990 Pred =  0.0735465 0.368768 0.550313 0.00646785 0.00033432 0.000570611
Year 1991 Obs  =  0.20822 0.0898802 0.566416 0.135484 0 0
Year 1991 Pred =  0.0696397 0.296563 0.432149 0.200026 0.00141797 0.000203892
Year 1992 Obs  =  0.305953 0.0435895 0.130785 0.519673 0 0
Year 1992 Pred =  0.162714 0.252388 0.338394 0.190181 0.0558593 0.000464019
Year 1993 Obs  =  0.559584 0.0470531 0.218863 0.1745 0 0
Year 1993 Pred =  0.289255 0.3194 0.180406 0.1409 0.0537441 0.0162947
Year 1994 Obs  =  0.496639 0.300738 0.0720595 0.0782009 0.0355928 0.0167699
Year 1994 Pred =  0.497971 0.347585 0.091769 0.0327875 0.0197985 0.0100894
Year 1995 Obs  =  0.114922 0.533324 0.212714 0.0954239 0 0.0436166
Year 1995 Pred =  0.26993 0.562857 0.13085 0.0235836 0.00660401 0.00617566
Year 1996 Obs  =  0.482733 0.173197 0.34407 0 0 0
Year 1996 Pred =  0.21167 0.432811 0.29338 0.0502174 0.00765889 0.00426145
Year 1997 Obs  =  0.265647 0.167671 0.471445 0.0875939 0.00764327 0
Year 1997 Pred =  0.440822 0.306097 0.167867 0.0723373 0.0103542 0.0025217
Year 1998 Obs  =  0.328991 0.598934 0.0456372 0.0179634 0 0.00847493
Year 1998 Pred =  0.222734 0.613999 0.111898 0.0364822 0.0125902 0.00229695
Year 1999 Obs  =  0.630119 0.199403 0.142041 0.0142187 0.0142187 0
Year 1999 Pred =  0.346802 0.370504 0.247896 0.0254039 0.00662349 0.00276955
Year 2000 Obs  =  0.0222849 0.753349 0.13677 0.0772468 0 0.0103488
Year 2000 Pred =  0.183457 0.589023 0.15996 0.0608081 0.00489514 0.00185628
Year 2001 Obs  =  0.317228 0.496389 0.128702 0.0576805 0 0
Year 2001 Pred =  0.232465 0.431821 0.284385 0.0384005 0.0116067 0.00132147
Year 2002 Obs  =  0.0845937 0.583246 0.285288 0.0468723 0 0
Year 2002 Pred =  0.125882 0.490429 0.269243 0.100628 0.0102737 0.00354305
Year 2003 Obs  =  0.687923 0.00486205 0.157919 0.134709 0 0.0145861
Year 2003 Pred =  0.181676 0.279532 0.356632 0.135416 0.0409753 0.00576869
Year 2004 Obs  =  0.26624 0.371086 0 0.0871631 0.181485 0.0940253
Year 2004 Pred =  0.301606 0.334198 0.162293 0.14159 0.0445561 0.0157569
Year 2005 Obs  =  0.716918 0.176092 0.0703533 0.0184575 0.0181799 0
Year 2005 Pred =  0.539344 0.277246 0.106594 0.0379259 0.0270672 0.0118223
Year 2006 Obs  =  0.337416 0.608829 0.0483145 0.00544052 0 0
Year 2006 Pred =  0.277997 0.569501 0.10352 0.0303449 0.00908403 0.00955371
Year 2007 Obs  =  0.129778 0.648543 0.206362 0 0.0153167 0
Year 2007 Pred =  0.12736 0.449405 0.350546 0.0518073 0.0128051 0.00807707
Year 2008 Obs  =  0.324301 0.119845 0.326725 0.2036 0.0179777 0.00755143
Year 2008 Pred =  0.228392 0.219686 0.308338 0.206459 0.0262632 0.0108631
Year 2009 Obs  =  0.224905 0.371765 0.222819 0.167508 0.0130026 0
Year 2009 Pred =  0.201988 0.352655 0.141799 0.179676 0.104592 0.0192892
Year 2010 Obs  =  0.0302032 0.463575 0.255527 0.184468 0.0662268 0
Year 2010 Pred =  0.136315 0.331407 0.252735 0.0962549 0.107406 0.0758824
Year 2011 Obs  =  0.135657 0.236183 0.325036 0.199634 0.0948715 0.00861844
Year 2011 Pred =  0.304388 0.192737 0.204542 0.149037 0.0505339 0.0987621
Year 2012 Obs  =  0.0517669 0.543585 0.217325 0.123266 0.0296452 0.0344121
Year 2012 Pred =  0.0871362 0.479614 0.13066 0.130719 0.0846775 0.087194

Index Selectivity at Age
 0.0186475 0.419957 0.72147 1 1 1
 0.293836 0.768955 0.883861 1 1 1

Deviations section: only applicable if associated lambda > 0
Nyear1 observed, expected, standardized residual
N/A

Fleet Obs, Initial, and Stadardized Residual for Fmult
N/A

Standardized Residuals for Fmult_devs by fleet and year
N/A

Index Obs, Initial, and Standardized Residual for q_year1
N/A

Standardized Residuals for catchability deviations by index and year
N/A

Obs, Initial, and Stadardized Residual for SR steepness
N/A

Obs, Initial, and Stadardized Residual for SR scaler
N/A

End of Deviations Section

Selectivity by age and year for each fleet
 fleet 1 selectivity at age
 0.136105 0.980374 0.999981 1 1 1
 0.136105 0.980374 0.999981 1 1 1
 0.136105 0.980374 0.999981 1 1 1
 0.136105 0.980374 0.999981 1 1 1
 0.136105 0.980374 0.999981 1 1 1
 0.032664 0.424801 0.901005 1 1 1
 0.032664 0.424801 0.901005 1 1 1
 0.032664 0.424801 0.901005 1 1 1
 0.032664 0.424801 0.901005 1 1 1
 0.032664 0.424801 0.901005 1 1 1
 0.032664 0.424801 0.901005 1 1 1
 0.032664 0.424801 0.901005 1 1 1
 0.032664 0.424801 0.901005 1 1 1
 0.123941 0.991699 0.999997 1 1 1
 0.123941 0.991699 0.999997 1 1 1
 0.123941 0.991699 0.999997 1 1 1
 0.0196927 0.206649 0.398375 1 1 1
 0.0196927 0.206649 0.398375 1 1 1
 0.0196927 0.206649 0.398375 1 1 1
 0.0196927 0.206649 0.398375 1 1 1
 0.0196927 0.206649 0.398375 1 1 1
 0.0037305 0.130029 0.644937 1 1 1
 0.0037305 0.130029 0.644937 1 1 1
 0.0037305 0.130029 0.644937 1 1 1
 0.0037305 0.130029 0.644937 1 1 1
 0.0037305 0.130029 0.644937 1 1 1
 0.0037305 0.130029 0.644937 1 1 1
 0.0037305 0.130029 0.644937 1 1 1
 0.0037305 0.130029 0.644937 1 1 1
 0.018432 0.170343 0.62014 1 1 1
 0.018432 0.170343 0.62014 1 1 1
 0.018432 0.170343 0.62014 1 1 1
 0.018432 0.170343 0.62014 1 1 1
 0.018432 0.170343 0.62014 1 1 1
 0.018432 0.170343 0.62014 1 1 1
 0.018432 0.170343 0.62014 1 1 1
 0.018432 0.170343 0.62014 1 1 1
 0.018432 0.170343 0.62014 1 1 1
 0.018432 0.170343 0.62014 1 1 1
 0.018432 0.170343 0.62014 1 1 1

Fmult by year for each fleet
1973   0.598067
1974   1.53719
1975   1.13301
1976   0.495741
1977   0.743132
1978   1.35788
1979   1.26654
1980   0.941152
1981   0.655886
1982   0.889571
1983   1.3743
1984   1.92483
1985   1.84459
1986   1.02996
1987   1.03786
1988   0.361016
1989   1.56762
1990   2.67028
1991   2.33277
1992   1.88572
1993   1.01937
1994   1.5737
1995   0.710196
1996   0.843595
1997   1.33065
1998   1.34693
1999   1.5481
2000   1.41197
2001   1.9786
2002   1.12931
2003   0.883253
2004   1.02028
2005   0.724026
2006   0.701242
2007   0.484547
2008   0.379482
2009   0.244
2010   0.129029
2011   0.14391
2012   0.185128

Directed F by age and year for each fleet
 fleet 1 directed F at age
 0.0813997 0.586329 0.598056 0.598067 0.598067 0.598067
 0.209219 1.50702 1.53716 1.53719 1.53719 1.53719
 0.154208 1.11077 1.13299 1.13301 1.13301 1.13301
 0.0674727 0.486011 0.495732 0.495741 0.495741 0.495741
 0.101144 0.728547 0.743118 0.743132 0.743132 0.743132
 0.0443536 0.576827 1.22345 1.35788 1.35788 1.35788
 0.0413702 0.538028 1.14116 1.26654 1.26654 1.26654
 0.0307417 0.399802 0.847982 0.941152 0.941152 0.941152
 0.0214238 0.278621 0.590956 0.655886 0.655886 0.655886
 0.0290569 0.377891 0.801508 0.889571 0.889571 0.889571
 0.04489 0.583803 1.23825 1.3743 1.3743 1.3743
 0.0628727 0.817671 1.73428 1.92483 1.92483 1.92483
 0.0602518 0.783586 1.66199 1.84459 1.84459 1.84459
 0.127653 1.02141 1.02995 1.02996 1.02996 1.02996
 0.128633 1.02924 1.03785 1.03786 1.03786 1.03786
 0.0447445 0.358019 0.361015 0.361016 0.361016 0.361016
 0.0308707 0.323947 0.624501 1.56762 1.56762 1.56762
 0.052585 0.55181 1.06377 2.67028 2.67028 2.67028
 0.0459385 0.482063 0.929316 2.33277 2.33277 2.33277
 0.0371349 0.389682 0.751223 1.88572 1.88572 1.88572
 0.0200742 0.210652 0.406092 1.01937 1.01937 1.01937
 0.00587069 0.204626 1.01494 1.5737 1.5737 1.5737
 0.00264939 0.092346 0.458032 0.710196 0.710196 0.710196
 0.00314703 0.109692 0.544065 0.843595 0.843595 0.843595
 0.00496398 0.173023 0.858184 1.33065 1.33065 1.33065
 0.00502472 0.17514 0.868684 1.34693 1.34693 1.34693
 0.00577518 0.201297 0.998426 1.5481 1.5481 1.5481
 0.00526736 0.183597 0.910633 1.41197 1.41197 1.41197
 0.00738115 0.257275 1.27607 1.9786 1.9786 1.9786
 0.0208156 0.19237 0.700332 1.12931 1.12931 1.12931
 0.0162802 0.150455 0.54774 0.883253 0.883253 0.883253
 0.0188058 0.173797 0.632716 1.02028 1.02028 1.02028
 0.0133453 0.123332 0.448998 0.724026 0.724026 0.724026
 0.0129253 0.119451 0.434868 0.701242 0.701242 0.701242
 0.0089312 0.082539 0.300487 0.484547 0.484547 0.484547
 0.00699462 0.0646418 0.235332 0.379482 0.379482 0.379482
 0.00449743 0.0415636 0.151314 0.244 0.244 0.244
 0.00237827 0.0219792 0.0800162 0.129029 0.129029 0.129029
 0.00265256 0.024514 0.0892443 0.14391 0.14391 0.14391
 0.00341229 0.0315352 0.114805 0.185128 0.185128 0.185128
Discard F by age and year for each fleet
 fleet 1 Discard F at age
 0 0 0 0 0 0
 0 0 0 0 0 0
 0 0 0 0 0 0
 0 0 0 0 0 0
 0 0 0 0 0 0
 0 0 0 0 0 0
 0 0 0 0 0 0
 0 0 0 0 0 0
 0 0 0 0 0 0
 0 0 0 0 0 0
 0 0 0 0 0 0
 0 0 0 0 0 0
 0 0 0 0 0 0
 0 0 0 0 0 0
 0 0 0 0 0 0
 0 0 0 0 0 0
 0 0 0 0 0 0
 0 0 0 0 0 0
 0 0 0 0 0 0
 0 0 0 0 0 0
 0 0 0 0 0 0
 0 0 0 0 0 0
 0 0 0 0 0 0
 0 0 0 0 0 0
 0 0 0 0 0 0
 0 0 0 0 0 0
 0 0 0 0 0 0
 0 0 0 0 0 0
 0 0 0 0 0 0
 0 0 0 0 0 0
 0 0 0 0 0 0
 0 0 0 0 0 0
 0 0 0 0 0 0
 0 0 0 0 0 0
 0 0 0 0 0 0
 0 0 0 0 0 0
 0 0 0 0 0 0
 0 0 0 0 0 0
 0 0 0 0 0 0
 0 0 0 0 0 0
Total F
 0.0813997 0.586329 0.598056 0.598067 0.598067 0.598067
 0.209219 1.50702 1.53716 1.53719 1.53719 1.53719
 0.154208 1.11077 1.13299 1.13301 1.13301 1.13301
 0.0674727 0.486011 0.495732 0.495741 0.495741 0.495741
 0.101144 0.728547 0.743118 0.743132 0.743132 0.743132
 0.0443536 0.576827 1.22345 1.35788 1.35788 1.35788
 0.0413702 0.538028 1.14116 1.26654 1.26654 1.26654
 0.0307417 0.399802 0.847982 0.941152 0.941152 0.941152
 0.0214238 0.278621 0.590956 0.655886 0.655886 0.655886
 0.0290569 0.377891 0.801508 0.889571 0.889571 0.889571
 0.04489 0.583803 1.23825 1.3743 1.3743 1.3743
 0.0628727 0.817671 1.73428 1.92483 1.92483 1.92483
 0.0602518 0.783586 1.66199 1.84459 1.84459 1.84459
 0.127653 1.02141 1.02995 1.02996 1.02996 1.02996
 0.128633 1.02924 1.03785 1.03786 1.03786 1.03786
 0.0447445 0.358019 0.361015 0.361016 0.361016 0.361016
 0.0308707 0.323947 0.624501 1.56762 1.56762 1.56762
 0.052585 0.55181 1.06377 2.67028 2.67028 2.67028
 0.0459385 0.482063 0.929316 2.33277 2.33277 2.33277
 0.0371349 0.389682 0.751223 1.88572 1.88572 1.88572
 0.0200742 0.210652 0.406092 1.01937 1.01937 1.01937
 0.00587069 0.204626 1.01494 1.5737 1.5737 1.5737
 0.00264939 0.092346 0.458032 0.710196 0.710196 0.710196
 0.00314703 0.109692 0.544065 0.843595 0.843595 0.843595
 0.00496398 0.173023 0.858184 1.33065 1.33065 1.33065
 0.00502472 0.17514 0.868684 1.34693 1.34693 1.34693
 0.00577518 0.201297 0.998426 1.5481 1.5481 1.5481
 0.00526736 0.183597 0.910633 1.41197 1.41197 1.41197
 0.00738115 0.257275 1.27607 1.9786 1.9786 1.9786
 0.0208156 0.19237 0.700332 1.12931 1.12931 1.12931
 0.0162802 0.150455 0.54774 0.883253 0.883253 0.883253
 0.0188058 0.173797 0.632716 1.02028 1.02028 1.02028
 0.0133453 0.123332 0.448998 0.724026 0.724026 0.724026
 0.0129253 0.119451 0.434868 0.701242 0.701242 0.701242
 0.0089312 0.082539 0.300487 0.484547 0.484547 0.484547
 0.00699462 0.0646418 0.235332 0.379482 0.379482 0.379482
 0.00449743 0.0415636 0.151314 0.244 0.244 0.244
 0.00237827 0.0219792 0.0800162 0.129029 0.129029 0.129029
 0.00265256 0.024514 0.0892443 0.14391 0.14391 0.14391
 0.00341229 0.0315352 0.114805 0.185128 0.185128 0.185128

Average F for ages 1 to 6
Freport unweighted in .std and MCMC files
year    unweighted   Nweighted    Bweighted
1973  0.509998  0.46211  0.51692
1974  1.31083  1.28088  1.39392
1975  0.966166  0.459366  0.595183
1976  0.42274  0.311429  0.344915
1977  0.633701  0.270259  0.341884
1978  0.986376  0.348365  0.43025
1979  0.92003  0.406978  0.538282
1980  0.683664  0.260635  0.34824
1981  0.476443  0.119986  0.21847
1982  0.646195  0.326724  0.371968
1983  0.998305  0.855173  0.960166
1984  1.39822  1.06476  1.32916
1985  1.33993  0.510809  0.731063
1986  0.878146  0.822654  0.888158
1987  0.884883  0.507196  0.563988
1988  0.307805  0.066543  0.0665219
1989  0.947031  0.260411  0.363853
1990  1.61317  0.827677  0.922391
1991  1.40927  1.30496  1.52862
1992  1.1392  0.942464  1.30753
1993  0.615822  0.299954  0.561772
1994  0.991089  0.234957  0.683258
1995  0.447269  0.103953  0.246615
1996  0.531281  0.216995  0.37733
1997  0.838019  0.260687  0.557178
1998  0.848273  0.263669  0.439465
1999  0.974966  0.344642  0.646853
2000  0.889236  0.358846  0.572896
2001  1.24609  0.645818  0.977773
2002  0.71691  0.404589  0.584594
2003  0.560706  0.347398  0.559086
2004  0.647693  0.309365  0.599313
2005  0.459626  0.0906205  0.263704
2006  0.445162  0.113679  0.23154
2007  0.3076  0.149398  0.228442
2008  0.240902  0.129271  0.211885
2009  0.154896  0.0777437  0.146318
2010  0.0819102  0.0474724  0.0828734
2011  0.0913568  0.039791  0.0818515
2012  0.117523  0.0695259  0.114694

Population Numbers at the Start of the Year
 37011.3 23784.6 39705.3 19288.5 11071.9 11846.1
 15238.1 22755.9 9456.58 16239.2 8056.21 9882.86
 41427.9 8244.77 3603.13 1512.18 2651.8 3027.04
 20429.6 23682.8 1940.23 863.135 369.923 1434.89
 69624.4 12737 10409.7 879.04 399.347 868.11
 59044.5 41970.7 4392.79 3682.59 317.57 474.735
 51661.4 37672.8 16846.5 961.281 719.457 160.143
 73203.5 33060.5 15719.6 4002.77 205.763 192.772
 186232 47346.9 15840 5007.45 1186.29 121.847
 78808.5 121580 25607.4 6524.61 1973.96 526.801
 18341 51058.1 59541.8 8545.22 2036.05 799.572
 23626.7 11696 20351.6 12838.3 1642.26 559.365
 31249.7 14798.2 3689.82 2672.14 1422.76 250.261
 7365.04 19624.1 4830.34 520.789 320.871 205.523
 15243 4323.61 5049.81 1282.7 141.23 146.92
 158163 8939.55 1103.9 1330.42 345.11 80.0298
 43587.9 100875 4465.88 572.258 704.323 230.474
 10654.7 28188.3 52139.9 1778.85 90.6466 151.852
 3146.08 6742.39 11601.1 13385.3 93.5446 13.2021
 2733.52 2004.15 2975.32 3406.83 986.484 8.04303
 3800.56 1756.74 969.996 1044.07 392.611 116.834
 8451.13 2484.51 1016.95 480.679 286.149 143.124
 6924.4 5603.71 1446.94 274.136 75.6789 69.4609
 5731.53 4606.2 3651.3 680.734 102.353 55.8961
 13333.6 3810.79 2949.72 1576.2 222.422 53.1672
 7787.24 8849.19 2290.6 930.091 316.437 56.6627
 11512.9 5167.88 5307.85 714.715 183.709 75.3949
 5732.89 7634.63 3019.72 1454.64 115.444 42.9673
 4678.71 3803.62 4540.78 903.509 269.224 30.0853
 1926.68 3097.64 2101.56 942.733 94.8873 32.1178
 2038.51 1258.58 1826.26 775.96 231.474 31.9851
 2961.94 1337.69 773.778 785.473 243.678 84.5805
 9571.17 1938.74 803.438 305.689 215.079 92.2036
 7823.44 6299.12 1224.71 381.42 112.566 116.196
 3807.01 5151.04 3994.66 589.688 143.69 88.9582
 6905.38 2516.61 3389.42 2200.03 275.902 112.009
 7021.58 4573.63 1685.85 1992.38 1143.38 206.965
 5207.85 4662.21 3135.36 1077.84 1185.69 822.191
 14837.1 3465.26 3259.3 2152.71 719.592 1380.33
 4838.65 9869.76 2416.39 2217.25 1415.97 1431.08

Biomass Time Series
Year, TotJan1B, SSB, ExploitableB
1973  41702.4  22800.7  38290.6
1974  25228.9  9672.47  25104.8
1975  14030.7  3147.67  8182.73
1976  12284.6  3841.88  9874.27
1977  20726.3  4291.93  10655.6
1978  26302.6  5868.58  9668.84
1979  24403.6  7310.41  11648.2
1980  28382.5  7962.24  12197.8
1981  37755.6  10118.1  14162
1982  51914.7  18434.2  27306.9
1983  38362.8  17217.9  30205.7
1984  17470.2  5681.56  12875.4
1985  10612.8  2421.95  4994.15
1986  7534.06  2575.03  7857.02
1987  6656.63  1664.27  4082.68
1988  51321.7  2145.27  9259.9
1989  27884  9370.23  6062.34
1990  19426.6  10107.3  8392.72
1991  9229.21  4095.7  6794.79
1992  3075.85  1632.69  2728.6
1993  1755.34  930.063  1116.54
1994  1566.98  585.582  705.185
1995  1574.11  859.3  669.033
1996  2493.01  1572.67  1483.69
1997  3785.16  1458.89  1789.87
1998  3976.6  1673.53  1557.07
1999  4466.89  1984.26  2224
2000  4237.1  1990.76  2112.69
2001  3742.23  1653.61  2128.86
2002  2290.47  1253.91  1388.52
2003  1637.72  1019.1  1179.61
2004  1360.34  698.081  917.172
2005  1634.49  664.179  688.059
2006  2292.96  1075.84  908.962
2007  2766.79  1828.17  1584.95
2008  3458.33  2161.01  2242.01
2009  3553.44  2377.43  2459.39
2010  3838.33  2946.74  2800.8
2011  5534.28  3440.29  3491.86
2012  5688.16  3935.27  3831.92

q by index
 index 1 q over time
1973  0.597359
1974  0.597359
1975  0.597359
1976  0.597359
1977  0.597359
1978  0.597359
1979  0.597359
1980  0.597359
1981  0.597359
1982  0.597359
1983  0.597359
1984  0.597359
1985  0.597359
1986  0.597359
1987  0.597359
1988  0.597359
1989  0.597359
1990  0.597359
1991  0.597359
1992  0.597359
1993  0.597359
1994  0.597359
1995  0.597359
1996  0.597359
1997  0.597359
1998  0.597359
1999  0.597359
2000  0.597359
2001  0.597359
2002  0.597359
2003  0.597359
2004  0.597359
2005  0.597359
2006  0.597359
2007  0.597359
2008  0.597359
2009  0.597359
2010  0.597359
2011  0.597359
2012  0.597359
 index 2 q over time
1973  0.329496
1974  0.329496
1975  0.329496
1976  0.329496
1977  0.329496
1978  0.329496
1979  0.329496
1980  0.329496
1981  0.329496
1982  0.329496
1983  0.329496
1984  0.329496
1985  0.329496
1986  0.329496
1987  0.329496
1988  0.329496
1989  0.329496
1990  0.329496
1991  0.329496
1992  0.329496
1993  0.329496
1994  0.329496
1995  0.329496
1996  0.329496
1997  0.329496
1998  0.329496
1999  0.329496
2000  0.329496
2001  0.329496
2002  0.329496
2003  0.329496
2004  0.329496
2005  0.329496
2006  0.329496
2007  0.329496
2008  0.329496
2009  0.329496
2010  0.329496
2011  0.329496
2012  0.329496

Proportions of catch at age by fleet
 fleet 1
Year 1 Obs  =  0.00545691 0.144785 0.320763 0.216458 0.14188 0.170658
Year 1 Pred =  0.0540309 0.206288 0.355508 0.174262 0.100847 0.109063
Year 2 Obs  =  0.0169397 0.555763 0.117739 0.158347 0.0792596 0.0719506
Year 2 Pred =  0.0485031 0.318881 0.13564 0.234677 0.117215 0.145083
Year 3 Obs  =  0.444401 0.220404 0.104175 0.0624274 0.0883052 0.0802875
Year 3 Pred =  0.299829 0.296578 0.133109 0.0563185 0.099491 0.114674
Year 4 Obs  =  0.0209783 0.66913 0.128152 0.0355435 0.0488043 0.0973913
Year 4 Pred =  0.104194 0.744317 0.0630202 0.0282933 0.0122271 0.0479488
Year 5 Obs  =  0.309764 0.296172 0.304651 0.0316124 0.0173338 0.0404664
Year 5 Pred =  0.323975 0.334789 0.282041 0.024026 0.0110019 0.024167
Year 6 Obs  =  0.312325 0.525768 0.0862784 0.0586358 0.00985241 0.00714001
Year 6 Pred =  0.088822 0.668481 0.116339 0.103753 0.00901032 0.0135948
Year 7 Obs  =  0.00653549 0.632045 0.304111 0.0373155 0.01539 0.00460295
Year 7 Pred =  0.0647373 0.507465 0.382969 0.0233098 0.0175713 0.00394822
Year 8 Obs  =  0.0423678 0.445853 0.303951 0.176525 0.0236043 0.00769905
Year 8 Pred =  0.0847639 0.434782 0.368965 0.101279 0.00524616 0.00496455
Year 9 Obs  =  0.00184512 0.359635 0.409508 0.158789 0.060292 0.00993108
Year 9 Pred =  0.147574 0.447739 0.281983 0.0971055 0.0231911 0.00240741
Year 10 Obs  =  0.00311582 0.669013 0.28135 0.0366404 0.00818395 0.00169595
Year 10 Pred =  0.0357846 0.632579 0.240025 0.0660459 0.0201362 0.00542867
Year 11 Obs  =  0.0355781 0.277899 0.624782 0.0532119 0.00569072 0.00283797
Year 11 Pred =  0.0101188 0.297437 0.575249 0.0877831 0.0210631 0.00834834
Year 12 Obs  =  0.0132301 0.165658 0.560028 0.2286 0.024715 0.00776918
Year 12 Pred =  0.0352263 0.168488 0.448414 0.296582 0.0381776 0.0131115
Year 13 Obs  =  0.132837 0.507877 0.142054 0.128653 0.0724979 0.0160816
Year 13 Pred =  0.103767 0.480829 0.185398 0.14103 0.0755712 0.013405
Year 14 Obs  =  0.0290806 0.662706 0.229467 0.0438627 0.0245907 0.0102922
Year 14 Pred =  0.0484088 0.72834 0.183016 0.0198958 0.0123506 0.00798927
Year 15 Obs  =  0.175854 0.39439 0.288537 0.112927 0.0203659 0.00792683
Year 15 Pred =  0.196043 0.313179 0.373394 0.095631 0.0106085 0.0111453
Year 16 Obs  =  0.621881 0.236617 0.0627855 0.0592714 0.0156964 0.00374839
Year 16 Pred =  0.649916 0.26316 0.0333112 0.040525 0.010602 0.00248627
Year 17 Obs  =  0.000990723 0.834009 0.142484 0.0202198 0.00216158 0.000135099
Year 17 Pred =  0.0390629 0.856785 0.0652906 0.0146747 0.0181836 0.00600327
Year 18 Obs  =  0.00388127 0.0424697 0.903484 0.048056 0.00199672 0.000112176
Year 18 Pred =  0.0105007 0.24079 0.70811 0.0356864 0.00182837 0.00308476
Year 19 Obs  =  0.0244617 0.0899774 0.298054 0.57427 0.0101263 0.00311108
Year 19 Pred =  0.00589581 0.112503 0.31497 0.562118 0.00395121 0.000561904
Year 20 Obs  =  0.063631 0.198457 0.295016 0.396618 0.0436072 0.00266983
Year 20 Pred =  0.0151194 0.102342 0.255313 0.484795 0.141269 0.00116144
Year 21 Obs  =  0.00684541 0.248716 0.253851 0.40559 0.0827153 0.0022818
Year 21 Pred =  0.0408547 0.187395 0.186044 0.392369 0.148659 0.0446782
Year 22 Obs  =  0.08353 0.279849 0.254365 0.192072 0.14488 0.0453044
Year 22 Pred =  0.0244481 0.23599 0.345578 0.207167 0.124161 0.0626556
Year 23 Obs  =  0.00102564 0.347692 0.281026 0.28 0.0584615 0.0317949
Year 23 Pred =  0.0138014 0.385573 0.426346 0.113435 0.0315662 0.0292784
Year 24 Obs  =  0.00207792 0.255065 0.587532 0.123636 0.0161039 0.0155844
Year 24 Pred =  0.00675225 0.185874 0.612734 0.157586 0.0238791 0.0131749
Year 25 Obs  =  0.00606277 0.0649073 0.542439 0.328103 0.0410128 0.017475
Year 25 Pred =  0.0164499 0.156543 0.454934 0.316281 0.0449481 0.0108448
Year 26 Obs  =  0.00171233 0.421918 0.399315 0.144863 0.0267123 0.00547945
Year 26 Pred =  0.00975225 0.368655 0.357096 0.188313 0.0645217 0.0116613
Year 27 Obs  =  0.0212177 0.133149 0.655597 0.148216 0.0289053 0.0129151
Year 27 Pred =  0.0120459 0.177798 0.656595 0.112421 0.029093 0.0120468
Year 28 Obs  =  0.00556242 0.36063 0.440667 0.172435 0.0176143 0.00309023
Year 28 Pred =  0.00649048 0.286455 0.418489 0.259984 0.0207771 0.00780424
Year 29 Obs  =  0 0.155885 0.614074 0.17261 0.0438624 0.0135689
Year 29 Pred =  0.00610717 0.159287 0.63028 0.153212 0.0459379 0.00517564
Year 30 Obs  =  0.00341797 0.187988 0.563477 0.228027 0.0166016 0.000488281
Year 30 Pred =  0.0157235 0.222851 0.448591 0.27537 0.0279211 0.00954286
Year 31 Obs  =  0.00210084 0.163866 0.511905 0.289216 0.0238095 0.00910364
Year 31 Pred =  0.0193777 0.107283 0.483427 0.29042 0.0873056 0.0121871
Year 32 Obs  =  0.204641 0.122363 0.244023 0.214487 0.14346 0.0710267
Year 32 Pred =  0.0383021 0.153647 0.269024 0.379024 0.118473 0.0415306
Year 33 Obs  =  0.0431849 0.249663 0.25641 0.226721 0.157895 0.0661269
Year 33 Pred =  0.125355 0.230247 0.305455 0.168089 0.11921 0.051643
Year 34 Obs  =  0.0509491 0.353646 0.303696 0.158841 0.0609391 0.0719281
Year 34 Pred =  0.061705 0.451227 0.282089 0.127489 0.0379269 0.0395638
Year 35 Obs  =  0.00721154 0.223558 0.563301 0.141026 0.0360577 0.0288462
Year 35 Pred =  0.0178539 0.222772 0.57973 0.128363 0.0315399 0.0197413
