Age Structured Assessment Program (ASAP) Version 3.0
Start time for run: Fri Nov 17 11:08:56 2017

obj_fun        = 2407.53

Component                Lambda          obj_fun
__Catch_Fleet_1               1          -54.2824
Catch_Fleet_Total             1          -54.2824
Discard_Fleet_Total           0          0
__Index_Fit_1                 1          -18.7482
__Index_Fit_2                 1          1.45955
Index_Fit_Total               2          -17.2887
Catch_Age_Comps       see_below          1309.85
Discard_Age_Comps     see_below          0
Index_Age_Comps       see_below          1169.26
__Sel_Param_1                 0          0
__Sel_Param_2                 0          -0
__Sel_Param_3                 0          -0
__Sel_Param_7                 0          0
__Sel_Param_8                 0          -0
__Sel_Param_9                 0          -0
__Sel_Param_13                0          0
__Sel_Param_14                0          0
__Sel_Param_15                0          -0
__Sel_Param_19                0          0
__Sel_Param_20                0          -0
__Sel_Param_21                0          0
__Sel_Param_25                0          0
__Sel_Param_26                0          0
__Sel_Param_27                0          -0
__Sel_Param_31                0          0
__Sel_Param_32                0          -0
__Sel_Param_33                0          -0
Sel_Params_Total              0          0
__Index_Sel_Param_1           0          0
__Index_Sel_Param_2           0          0
__Index_Sel_Param_3           0          -0
__Index_Sel_Param_7           0          -0
__Index_Sel_Param_8           0          -0
__Index_Sel_Param_9           0          -0
Index_Sel_Params_Total        0          0
q_year1_Total                 0          0
q_devs_Total                  0          0
__Fmult_year1_fleet_1         0          -0
Fmult_year1_fleet_Total       0          0
Fmult_devs_fleet_Total        0          0
N_year_1                      0          0
Recruit_devs                  0          0
SR_steepness                  0          0
SR_scaler                     0          0
Fmult_Max_penalty          1000          0
F_penalty                     0          0

 Input and Estimated effective sample sizes for fleet 1
1973  18  52.7576
1974  18  11.1429
1975  18  27.0142
1976  18  21.0694
1977  18  302.164
1978  18  7.19587
1979  18  22.493
1980  18  54.0224
1981  18  14.0057
1982  18  101.619
1983  18  117.868
1984  18  38.0543
1985  18  177.117
1986  18  62.2937
1987  18  46.2242
1988  18  195.916
1989  18  32.4389
1990  18  5.74063
1991  18  460.277
1992  18  21.7973
1993  18  47.6288
1994  18  51.2995
1995  18  12.9134
1996  37  83.6026
1997  37  40.6812
1998  37  84.8872
1999  37  159.148
2000  37  48.139
2001  37  748.659
2002  37  37.8824
2003  37  72.2197
2004  37  11.8902
2005  37  53.2954
2006  37  72.8355
2007  37  926.586
2008  37  47.634
2009  37  102.449
2010  37  102.668
2011  37  47.7622
 Total  1006  4523.39

 Input and Estimated effective Discard sample sizes for fleet 1
1973  0  0
1974  0  0
1975  0  0
1976  0  0
1977  0  0
1978  0  0
1979  0  0
1980  0  0
1981  0  0
1982  0  0
1983  0  0
1984  0  0
1985  0  0
1986  0  0
1987  0  0
1988  0  0
1989  0  0
1990  0  0
1991  0  0
1992  0  0
1993  0  0
1994  0  0
1995  0  0
1996  0  0
1997  0  0
1998  0  0
1999  0  0
2000  0  0
2001  0  0
2002  0  0
2003  0  0
2004  0  0
2005  0  0
2006  0  0
2007  0  0
2008  0  0
2009  0  0
2010  0  0
2011  0  0
 Total  0  0

Observed and predicted total fleet catch by year and standardized residual
 fleet 1 total catches
1973  14549  15315.8  -0.259352
1974  17088  18053.2  -0.277451
1975  5732  5296.83  0.398679
1976  3436  3393.7  0.0625425
1977  5223  5174.26  0.0473401
1978  8085  7884.14  0.127028
1979  9883  8777.01  0.599266
1980  8021  7351.32  0.440227
1981  6607  6526.93  0.0615672
1982  15764  16146.7  -0.121115
1983  22211  22345.3  -0.0304296
1984  11225  10881.9  0.15674
1985  4817  4597.9  0.235057
1986  4620  4494.91  0.138597
1987  2652  2453.45  0.392941
1988  2782  2582.75  0.375244
1989  8349  6478.71  1.28064
1990  17916  12301.9  1.89828
1991  6430  6623.77  -0.149917
1992  2695  2374.45  0.63943
1993  771  695.499  0.520385
1994  735  585.058  1.15208
1995  343  337.832  0.0766593
1996  759  846.254  -0.549466
1997  1222  1339.4  -0.463196
1998  1087  1243.63  -0.679733
1999  1403  1912.83  -1.56517
2000  1397  1705.6  -1.00782
2001  1449  2070.69  -1.8027
2002  945  954.817  -0.0521826
2003  666  662.029  0.0301966
2004  619  564.425  0.466049
2005  346  342.418  0.0525517
2006  396  456.485  -0.71773
2007  502  574.986  -0.685441
2008  583  639.294  -0.465441
2009  453  471.706  -0.204318
2010  291  294.367  -0.0580939
2011  390  394.813  -0.0619383
Observed and predicted total fleet Discards by year and standardized residual
 fleet 1 total Discards
1973  0  0  0
1974  0  0  0
1975  0  0  0
1976  0  0  0
1977  0  0  0
1978  0  0  0
1979  0  0  0
1980  0  0  0
1981  0  0  0
1982  0  0  0
1983  0  0  0
1984  0  0  0
1985  0  0  0
1986  0  0  0
1987  0  0  0
1988  0  0  0
1989  0  0  0
1990  0  0  0
1991  0  0  0
1992  0  0  0
1993  0  0  0
1994  0  0  0
1995  0  0  0
1996  0  0  0
1997  0  0  0
1998  0  0  0
1999  0  0  0
2000  0  0  0
2001  0  0  0
2002  0  0  0
2003  0  0  0
2004  0  0  0
2005  0  0  0
2006  0  0  0
2007  0  0  0
2008  0  0  0
2009  0  0  0
2010  0  0  0
2011  0  0  0

Index data
index number 1
aggregate units = 2
proportions units = 2
month = 4
starting and ending ages for selectivity = 1  6
selectivity choice = -1
 year, obs index, pred index, standardized residual
1973  45993.3  39075.5  0.749753
1974  18318.7  19430.3  -0.188688
1975  4839.41  5989.69  -0.750429
1976  5942.61  7074.4  -0.575521
1977  6925.37  7595.71  -0.245542
1978  18730.7  12087.5  1.59425
1979  5889.55  13935.9  -2.75847
1980  14774.4  14692.6  0.0244398
1981  27000.5  20555.4  0.959757
1982  43523.9  38726.7  0.410963
1983  30456.2  32243.5  -0.231605
1984  8397.88  12922.1  -1.56866
1985  6074.29  5643.03  0.210959
1986  7020.75  5526.07  1.0544
1987  1593.48  3165.74  -2.07551
1988  2035.3  4800  -2.45775
1989  17077.9  24009.8  -1.24004
1990  25849.5  22188.8  0.504106
1991  11510  9295.35  0.90304
1992  3741.82  2968.46  0.788689
1993  1493.45  1449  0.0939881
1994  529.85  1289.42  -2.36354
1995  2393.74  2041.44  0.542305
1996  3908.97  2734.96  1.05065
1997  4137.04  2666.82  1.02252
1998  6162.7  3287.19  1.95479
1999  5117.79  3259.75  1.98673
2000  4801.36  3329.65  1.33231
2001  2626.64  2583.68  0.0498557
2002  2910.49  1841.38  1.02474
2003  750.44  1395.25  -1.41555
2004  1002.58  1075.44  -0.160117
2005  1143.77  1113.05  0.0800829
2006  3334.65  2254.75  0.859411
2007  2429.57  3175.94  -0.912555
2008  2112.49  3388.91  -0.766646
2009  3367.55  3793.13  -0.381146
2010  4738.41  4456.3  0.474152
2011  3828.25  4885.14  -1.44434
index number 2
aggregate units = 2
proportions units = 2
month = 10
starting and ending ages for selectivity = 1  6
selectivity choice = -1
 year, obs index, pred index, standardized residual
1973  17343  18276  -0.105317
1974  7069.14  5892.4  0.37218
1975  3338  4504.16  -0.540346
1976  10016.5  5347.5  1.46152
1977  5279.03  7705.1  -0.918048
1978  8912.42  10144.6  -0.370943
1979  7917.85  10222.4  -0.870234
1980  6111.82  12271.7  -1.56031
1981  24538.3  23775.8  0.0928651
1982  35005.5  27435.6  0.506768
1983  27070.6  13932.6  1.64792
1984  6421.5  5014.72  0.657154
1985  1397.52  4241.42  -2.58534
1986  3102.43  2863.44  0.194614
1987  2330.01  2095.14  0.217193
1988  5754.22  12797.1  -2.35125
1989  11846.9  18951.7  -1.16563
1990  5562.57  9630.06  -1.27807
1991  2649.75  3026.09  -0.344727
1992  629.04  1138.15  -1.10114
1993  579.77  907.158  -1.00209
1994  1704.84  1189.6  0.748409
1995  1389.37  1788.6  -0.362708
1996  1066.77  1880.75  -1.053
1997  3556.07  2116.92  1.28688
1998  3107.97  2432.5  0.509647
1999  2256.89  2311.48  -0.0374116
2000  2545.21  2167.29  0.278015
2001  1413.65  1388.87  0.0333477
2002  3443.4  1042.79  2.28723
2003  1953.92  772.08  1.56407
2004  303.12  682.698  -1.89074
2005  3025.86  1258.39  2.51328
2006  4060.28  2001.55  1.75489
2007  1983.45  2145.62  -0.16065
2008  3774.11  2235.61  1.12883
2009  1949.61  2664.47  -0.971593
2010  14077.9  2926.07  3.15732
2011  2300.53  3144.32  -0.478073

Input effective sample sizes by index (row=index, column=year)
 12 12 12 12 12 12 12 12 12 12 12 12 12 12 12 12 12 12 12 12 12 12 12 12 12 12 12 12 12 12 12 12 12 12 12 12 12 12 12
 12 12 12 12 12 12 12 12 12 12 12 12 12 12 12 12 12 12 12 12 12 12 12 12 12 12 12 12 12 12 12 12 12 12 12 12 12 12 12
Estimated effective sample sizes by index (row=index, column=year)
 117.439 138.445 50.5545 169.961 25.9683 21.6826 19.0439 86.5311 14.7366 330.641 66.6738 9.12228 33.3519 87.5932 7.71855 10.072 98.5243 5.41218 29.9928 5.38428 15.7202 4.4634 6.74521 9.06695 27.2888 8.37716 17.0722 8.4762 4.84302 3.98896 163.625 7.85529 12.9478 16.7146 88.412 15.5945 107.351 52.0422 42.3097
 205.439 71.2742 138.377 447.836 19.2738 18.6749 27.0099 9.24603 17.7402 22.7087 24.3455 45.3856 43.1442 557.532 77.4901 122.428 9.08196 58.1194 7.9923 3.5377 5.09058 138.661 14.7619 4.76734 4.60947 37.3787 5.91815 10.615 19.7823 48.753 2.02214 12.9809 15.5951 73.3641 10.8037 41.896 47.1311 21.2995 37.427

Index proportions at age by index
 Index number 1
Year 1973 Obs  =  0.0198451 0.120089 0.328147 0.184446 0.143075 0.204398
Year 1973 Pred =  0.00938935 0.121396 0.345978 0.238092 0.137316 0.147828
Year 1974 Obs  =  0.0323298 0.136895 0.16135 0.31115 0.189779 0.168497
Year 1974 Pred =  0.00753646 0.18522 0.131592 0.320853 0.158793 0.196005
Year 1975 Obs  =  0.0856282 0.312654 0.0932841 0.120837 0.216884 0.170713
Year 1975 Pred =  0.0675868 0.240612 0.180433 0.107668 0.188607 0.215092
Year 1976 Obs  =  0.00317032 0.723716 0.0976154 0.0468649 0.0445141 0.0841196
Year 1976 Pred =  0.0287846 0.685405 0.0965477 0.0613138 0.0262973 0.101652
Year 1977 Obs  =  0.219988 0.235979 0.416121 0.038011 0.0237893 0.066112
Year 1977 Pred =  0.0906494 0.322702 0.452926 0.0547097 0.0249894 0.0540235
Year 1978 Obs  =  0.163612 0.634234 0.112641 0.0480981 0.0156262 0.0257877
Year 1978 Pred =  0.0490472 0.694232 0.106705 0.123313 0.0107105 0.0159918
Year 1979 Obs  =  0.166619 0.492719 0.26245 0.0472567 0.0205789 0.010376
Year 1979 Pred =  0.0372398 0.546045 0.361837 0.0286832 0.0214097 0.00478538
Year 1980 Obs  =  0.0450794 0.441312 0.299064 0.188574 0.0185713 0.00739997
Year 1980 Pred =  0.0501417 0.470242 0.344625 0.12274 0.0063302 0.00592099
Year 1981 Obs  =  0.0314469 0.676331 0.175683 0.0906099 0.0217581 0.00417067
Year 1981 Pred =  0.0913807 0.495589 0.264266 0.117855 0.0280279 0.00288147
Year 1982 Obs  =  0.00781571 0.688143 0.223391 0.0560099 0.0183577 0.00628276
Year 1982 Pred =  0.0204928 0.658743 0.214564 0.0766061 0.0233366 0.00625801
Year 1983 Obs  =  0.00217755 0.355656 0.589323 0.0400614 0.0115651 0.00121683
Year 1983 Pred =  0.0057043 0.315756 0.536871 0.106194 0.0254141 0.0100611
Year 1984 Obs  =  0.00932379 0.110034 0.218891 0.530741 0.0806514 0.0503592
Year 1984 Pred =  0.0182606 0.170337 0.40542 0.346622 0.0442071 0.0151539
Year 1985 Obs  =  0.0734474 0.443816 0.111607 0.132179 0.196384 0.042568
Year 1985 Pred =  0.0552501 0.498024 0.17196 0.169567 0.0894826 0.0157167
Year 1986 Obs  =  0.00387138 0.688603 0.217933 0.056306 0.0295353 0.00375174
Year 1986 Pred =  0.0130882 0.63482 0.268856 0.0415842 0.0254745 0.0161767
Year 1987 Obs  =  0 0.0906324 0.73468 0.174688 0 0
Year 1987 Pred =  0.0473884 0.244333 0.490836 0.17737 0.0197419 0.0203305
Year 1988 Obs  =  0.197465 0.292743 0.102191 0.142559 0.241389 0.0236525
Year 1988 Pred =  0.330633 0.394093 0.084349 0.144577 0.037596 0.00875255
Year 1989 Obs  =  0.0134577 0.932524 0.0446138 0.00940397 0 0
Year 1989 Pred =  0.018235 0.894146 0.0633202 0.00920956 0.0113595 0.00373021
Year 1990 Obs  =  0.00491306 0.0266775 0.843523 0.121401 0.00348479 0
Year 1990 Pred =  0.00480265 0.254841 0.71386 0.0232911 0.00119589 0.0020093
Year 1991 Obs  =  0.0301034 0.0733666 0.309697 0.512925 0.0664961 0.00741182
Year 1991 Pred =  0.00339687 0.148196 0.391598 0.453199 0.00316109 0.000449256
Year 1992 Obs  =  0.00879786 0.0226467 0.255114 0.713442 0 0
Year 1992 Pred =  0.00926454 0.141398 0.32886 0.403362 0.116169 0.000946801
Year 1993 Obs  =  0.0181995 0.283464 0.125388 0.493836 0.0791121 0
Year 1993 Pred =  0.0264596 0.265542 0.239827 0.31518 0.118012 0.0349787
Year 1994 Obs  =  0 0.721072 0.0439936 0 0.183448 0.0514863
Year 1994 Pred =  0.0663895 0.421853 0.242591 0.142285 0.0847245 0.0421576
Year 1995 Obs  =  0.0110037 0.815832 0.0476576 0.0643512 0.0130507 0.0481046
Year 1995 Pred =  0.034372 0.61835 0.249812 0.063699 0.0176248 0.0161424
Year 1996 Obs  =  0 0.16995 0.557214 0.242165 0.0306704 0
Year 1996 Pred =  0.0212322 0.377604 0.46068 0.113793 0.0172652 0.00942587
Year 1997 Obs  =  0.0212567 0.357553 0.462065 0.132015 0.0271112 0
Year 1997 Pred =  0.0506782 0.315328 0.352711 0.239194 0.0339151 0.00817363
Year 1998 Obs  =  0.0184075 0.817895 0.104595 0.0436838 0.00984633 0.00557223
Year 1998 Pred =  0.0240026 0.594297 0.221679 0.114054 0.0389468 0.00702047
Year 1999 Obs  =  0.0115812 0.21242 0.630265 0.113956 0.0242937 0.00748371
Year 1999 Pred =  0.0357651 0.347564 0.501924 0.0840934 0.021701 0.00895279
Year 2000 Obs  =  0.00668352 0.403184 0.516162 0.0684848 0.00548595 0
Year 2000 Pred =  0.0173625 0.504714 0.285573 0.173391 0.0137981 0.00516199
Year 2001 Obs  =  0 0.0440601 0.736538 0.152541 0.0522797 0.0145814
Year 2001 Pred =  0.018209 0.31676 0.504782 0.12025 0.0359645 0.00403462
Year 2002 Obs  =  0.0280158 0.683831 0.135028 0.114726 0.0383989 0
Year 2002 Pred =  0.0105123 0.367924 0.377469 0.215062 0.0216637 0.00736915
Year 2003 Obs  =  0.0688254 0.167473 0.452382 0.239083 0.0722367 0
Year 2003 Pred =  0.0147971 0.199793 0.453835 0.250418 0.0712871 0.00986969
Year 2004 Obs  =  0.0271103 0.226578 0.486959 0.137058 0.090288 0.0320077
Year 2004 Pred =  0.0280591 0.276014 0.245018 0.322265 0.0966123 0.0320316
Year 2005 Obs  =  0.214711 0.300087 0.141208 0.0984027 0.222562 0.0230291
Year 2005 Pred =  0.0887192 0.393598 0.25928 0.131478 0.0900587 0.0368661
Year 2006 Obs  =  0.0251601 0.793738 0.112273 0.0530311 0 0.0157978
Year 2006 Pred =  0.0364579 0.638895 0.196131 0.0815053 0.0236149 0.0233961
Year 2007 Obs  =  0 0.396358 0.543565 0.0600765 0 0
Year 2007 Pred =  0.0129411 0.381124 0.47499 0.0948329 0.0226515 0.0134604
Year 2008 Obs  =  0 0.0393185 0.541915 0.379794 0.038973 0
Year 2008 Pred =  0.0223833 0.180001 0.391355 0.346723 0.0427888 0.0167477
Year 2009 Obs  =  0.0394994 0.241036 0.218994 0.335979 0.152724 0.0117682
Year 2009 Pred =  0.0218349 0.298906 0.182427 0.29767 0.169327 0.0298343
Year 2010 Obs  =  0.028606 0.317117 0.357211 0.128131 0.157784 0.0111508
Year 2010 Pred =  0.0114279 0.279522 0.298158 0.144537 0.158089 0.108265
Year 2011 Obs  =  0.0778745 0.228946 0.261031 0.274736 0.0741135 0.0832994
Year 2011 Pred =  0.0165754 0.156981 0.302397 0.265482 0.0893037 0.169261
 Index number 2
Year 1973 Obs  =  0.119324 0.150538 0.340303 0.18644 0.132132 0.071264
Year 1973 Pred =  0.135764 0.160929 0.310012 0.177407 0.103294 0.112594
Year 1974 Obs  =  0.143825 0.226914 0.0805289 0.316983 0.134204 0.0975437
Year 1974 Pred =  0.157678 0.239591 0.113641 0.23026 0.115045 0.143784
Year 1975 Obs  =  0.571739 0.157148 0.0579031 0.0870644 0.0831009 0.0430439
Year 1975 Pred =  0.586214 0.153009 0.0770131 0.0382003 0.067556 0.0780076
Year 1976 Obs  =  0.274768 0.58828 0.048958 0.00646431 0.0102111 0.071319
Year 1976 Pred =  0.259339 0.591189 0.0563654 0.0297685 0.0128895 0.0504482
Year 1977 Obs  =  0.510178 0.324685 0.127419 0.00740478 0.0063383 0.0239741
Year 1977 Pred =  0.598517 0.184009 0.17424 0.0175 0.00806966 0.017664
Year 1978 Obs  =  0.277989 0.637789 0.0395617 0.0315021 0.00320452 0.00995354
Year 1978 Pred =  0.402591 0.515663 0.039083 0.0349618 0.00306563 0.00463462
Year 1979 Obs  =  0.224595 0.493926 0.237504 0.0361866 0.0039531 0.00383438
Year 1979 Pred =  0.350251 0.473042 0.157966 0.00974015 0.00733962 0.00166107
Year 1980 Obs  =  0.224752 0.566796 0.147518 0.0609345 0 0
Year 1980 Pred =  0.416377 0.383182 0.152956 0.0431142 0.0022448 0.00212599
Year 1981 Obs  =  0.456806 0.461127 0.0657022 0.00959521 0.00556436 0.00120465
Year 1981 Pred =  0.550494 0.309627 0.0962475 0.0344893 0.00828046 0.000861953
Year 1982 Obs  =  0.0807355 0.712466 0.175838 0.0214155 0.00954477 0
Year 1982 Pred =  0.200785 0.639285 0.114722 0.0324995 0.00999487 0.00271383
Year 1983 Obs  =  0.098224 0.584359 0.290064 0.0240021 0.00198149 0.00136901
Year 1983 Pred =  0.090909 0.453454 0.378217 0.0578431 0.013975 0.00560182
Year 1984 Obs  =  0.315164 0.278223 0.333711 0.0729019 0 0
Year 1984 Pred =  0.321166 0.242726 0.248714 0.159695 0.0205614 0.00713665
Year 1985 Obs  =  0.58855 0.297584 0.075863 0.038003 0 0
Year 1985 Pred =  0.502385 0.37274 0.0564926 0.042017 0.0223845 0.00398085
Year 1986 Obs  =  0.173763 0.602503 0.169521 0.0486617 0.00555047 0
Year 1986 Pred =  0.166921 0.612668 0.17501 0.0225191 0.0139269 0.00895455
Year 1987 Obs  =  0.498792 0.24245 0.211192 0.0194377 0.0163604 0.0117682
Year 1987 Pred =  0.473151 0.184487 0.249968 0.0751458 0.00844385 0.00880453
Year 1988 Obs  =  0.872351 0.0634683 0.0281498 0.0281116 0.00263981 0.00527961
Year 1988 Pred =  0.854175 0.102714 0.0149249 0.0212817 0.00558698 0.00131697
Year 1989 Obs  =  0.00190176 0.863039 0.119851 0.0142636 0.000944549 0
Year 1989 Pred =  0.16021 0.799967 0.0331815 0.00249731 0.0031097 0.00103395
Year 1990 Obs  =  0.0049042 0.351089 0.596556 0.047451 0 0
Year 1990 Pred =  0.0759142 0.370316 0.546244 0.00660118 0.000342175 0.000582114
Year 1991 Obs  =  0.20822 0.0898802 0.566416 0.135484 0 0
Year 1991 Pred =  0.0718165 0.297096 0.426941 0.202515 0.00142604 0.000205208
Year 1992 Obs  =  0.305953 0.0435895 0.130785 0.519673 0 0
Year 1992 Pred =  0.167046 0.252038 0.332911 0.191784 0.0557611 0.00046016
Year 1993 Obs  =  0.559584 0.0470531 0.218863 0.1745 0 0
Year 1993 Pred =  0.29468 0.316871 0.17674 0.141949 0.053657 0.0161031
Year 1994 Obs  =  0.496639 0.300738 0.0720595 0.0782009 0.0355928 0.0167699
Year 1994 Pred =  0.505288 0.342389 0.0895449 0.0329715 0.0198206 0.00998596
Year 1995 Obs  =  0.114922 0.533324 0.212714 0.0954239 0 0.0436166
Year 1995 Pred =  0.275916 0.558963 0.128251 0.0239669 0.00669466 0.00620843
Year 1996 Obs  =  0.482733 0.173197 0.34407 0 0 0
Year 1996 Pred =  0.217098 0.431132 0.288625 0.0510127 0.00781372 0.00431932
Year 1997 Obs  =  0.265647 0.167671 0.471445 0.0875939 0.00764327 0
Year 1997 Pred =  0.448494 0.302178 0.163618 0.0727545 0.0104143 0.00254131
Year 1998 Obs  =  0.328991 0.598934 0.0456372 0.0179634 0 0.00847493
Year 1998 Pred =  0.227857 0.610345 0.109795 0.036943 0.0127356 0.00232446
Year 1999 Obs  =  0.630119 0.199403 0.142041 0.0142187 0.0142187 0
Year 1999 Pred =  0.354178 0.367631 0.243028 0.0256785 0.00668979 0.00279446
Year 2000 Obs  =  0.0222849 0.753349 0.13677 0.0772468 0 0.0103488
Year 2000 Pred =  0.187358 0.586718 0.157353 0.0617326 0.00495944 0.00187862
Year 2001 Obs  =  0.317228 0.496389 0.128702 0.0576805 0 0
Year 2001 Pred =  0.237676 0.429733 0.280483 0.0389964 0.0117744 0.00133744
Year 2002 Obs  =  0.0845937 0.583246 0.285288 0.0468723 0 0
Year 2002 Pred =  0.129344 0.491824 0.266321 0.0989784 0.0100655 0.00346679
Year 2003 Obs  =  0.687923 0.00486205 0.157919 0.134709 0 0.0145861
Year 2003 Pred =  0.186779 0.279101 0.35482 0.135048 0.0388113 0.00544073
Year 2004 Obs  =  0.26624 0.371086 0 0.0871631 0.181485 0.0940253
Year 2004 Pred =  0.308359 0.332572 0.160403 0.141474 0.0428177 0.0143739
Year 2005 Obs  =  0.716918 0.176092 0.0703533 0.0184575 0.0181799 0
Year 2005 Pred =  0.548932 0.272524 0.104075 0.037646 0.0260326 0.0107901
Year 2006 Obs  =  0.337416 0.608829 0.0483145 0.00544052 0 0
Year 2006 Pred =  0.287342 0.564232 0.100834 0.0300093 0.00877772 0.00880535
Year 2007 Obs  =  0.129778 0.648543 0.206362 0 0.0153167 0
Year 2007 Pred =  0.134304 0.450368 0.343801 0.0515988 0.0124424 0.00748638
Year 2008 Obs  =  0.324301 0.119845 0.326725 0.2036 0.0179777 0.00755143
Year 2008 Pred =  0.238159 0.21991 0.300753 0.20544 0.0255951 0.0101435
Year 2009 Obs  =  0.224905 0.371765 0.222819 0.167508 0.0130026 0
Year 2009 Pred =  0.218454 0.346654 0.137152 0.177573 0.101975 0.0181924
Year 2010 Obs  =  0.0302032 0.463575 0.255527 0.184468 0.0662268 0
Year 2010 Pred =  0.122439 0.34981 0.247812 0.0975441 0.107708 0.0746868
Year 2011 Obs  =  0.135657 0.236183 0.325036 0.199634 0.0948715 0.00861844
Year 2011 Pred =  0.181155 0.200302 0.255867 0.18213 0.0618503 0.118696

Index Selectivity at Age
 0.018609 0.415609 0.705018 1 1 1
 0.297582 0.756024 0.856409 1 1 1

Deviations section: only applicable if associated lambda > 0
Nyear1 observed, expected, standardized residual
N/A

Fleet Obs, Initial, and Stadardized Residual for Fmult
N/A

Standardized Residuals for Fmult_devs by fleet and year
N/A

Index Obs, Initial, and Standardized Residual for q_year1
N/A

Standardized Residuals for catchability deviations by index and year
N/A

Obs, Initial, and Stadardized Residual for SR steepness
N/A

Obs, Initial, and Stadardized Residual for SR scaler
N/A

End of Deviations Section

Selectivity by age and year for each fleet
 fleet 1 selectivity at age
 0.135507 0.972285 0.998588 1 1 1
 0.135507 0.972285 0.998588 1 1 1
 0.135507 0.972285 0.998588 1 1 1
 0.135507 0.972285 0.998588 1 1 1
 0.135507 0.972285 0.998588 1 1 1
 0.0323906 0.419211 0.894123 1 1 1
 0.0323906 0.419211 0.894123 1 1 1
 0.0323906 0.419211 0.894123 1 1 1
 0.0323906 0.419211 0.894123 1 1 1
 0.0323906 0.419211 0.894123 1 1 1
 0.0323906 0.419211 0.894123 1 1 1
 0.0323906 0.419211 0.894123 1 1 1
 0.0323906 0.419211 0.894123 1 1 1
 0.123305 0.980589 0.999997 1 1 1
 0.123305 0.980589 0.999997 1 1 1
 0.123305 0.980589 0.999997 1 1 1
 0.0195578 0.204201 0.39633 1 1 1
 0.0195578 0.204201 0.39633 1 1 1
 0.0195578 0.204201 0.39633 1 1 1
 0.0195578 0.204201 0.39633 1 1 1
 0.0195578 0.204201 0.39633 1 1 1
 0.00372436 0.129514 0.642583 1 1 1
 0.00372436 0.129514 0.642583 1 1 1
 0.00372436 0.129514 0.642583 1 1 1
 0.00372436 0.129514 0.642583 1 1 1
 0.00372436 0.129514 0.642583 1 1 1
 0.00372436 0.129514 0.642583 1 1 1
 0.00372436 0.129514 0.642583 1 1 1
 0.00372436 0.129514 0.642583 1 1 1
 0.018047 0.15454 0.587459 1 1 1
 0.018047 0.15454 0.587459 1 1 1
 0.018047 0.15454 0.587459 1 1 1
 0.018047 0.15454 0.587459 1 1 1
 0.018047 0.15454 0.587459 1 1 1
 0.018047 0.15454 0.587459 1 1 1
 0.018047 0.15454 0.587459 1 1 1
 0.018047 0.15454 0.587459 1 1 1
 0.018047 0.15454 0.587459 1 1 1
 0.018047 0.15454 0.587459 1 1 1

Fmult by year for each fleet
1973   0.598049
1974   1.53971
1975   1.13231
1976   0.494636
1977   0.740901
1978   1.36122
1979   1.26969
1980   0.942341
1981   0.656335
1982   0.894093
1983   1.38305
1984   1.93288
1985   1.85121
1986   1.03143
1987   1.03296
1988   0.360536
1989   1.57302
1990   2.68086
1991   2.34533
1992   1.89403
1993   1.02179
1994   1.57532
1995   0.709249
1996   0.843327
1997   1.33204
1998   1.34663
1999   1.54989
2000   1.41407
2001   1.98348
2002   1.1791
2003   0.908304
2004   1.04518
2005   0.745581
2006   0.726369
2007   0.491398
2008   0.36855
2009   0.229397
2010   0.117597
2011   0.124668

Directed F by age and year for each fleet
 fleet 1 directed F at age
 0.0810398 0.581474 0.597204 0.598049 0.598049 0.598049
 0.208642 1.49704 1.53754 1.53971 1.53971 1.53971
 0.153436 1.10093 1.13071 1.13231 1.13231 1.13231
 0.0670266 0.480927 0.493937 0.494636 0.494636 0.494636
 0.100397 0.720366 0.739855 0.740901 0.740901 0.740901
 0.0440908 0.570639 1.2171 1.36122 1.36122 1.36122
 0.041126 0.532267 1.13526 1.26969 1.26969 1.26969
 0.030523 0.395039 0.842569 0.942341 0.942341 0.942341
 0.0212591 0.275143 0.586844 0.656335 0.656335 0.656335
 0.0289603 0.374813 0.799429 0.894093 0.894093 0.894093
 0.0447979 0.579789 1.23662 1.38305 1.38305 1.38305
 0.0626071 0.810282 1.72823 1.93288 1.93288 1.93288
 0.059962 0.776049 1.65521 1.85121 1.85121 1.85121
 0.127181 1.01141 1.03143 1.03143 1.03143 1.03143
 0.12737 1.01291 1.03296 1.03296 1.03296 1.03296
 0.0444561 0.353538 0.360535 0.360536 0.360536 0.360536
 0.0307648 0.321211 0.623435 1.57302 1.57302 1.57302
 0.0524318 0.547433 1.06251 2.68086 2.68086 2.68086
 0.0458696 0.478919 0.929527 2.34533 2.34533 2.34533
 0.0370431 0.386762 0.750662 1.89403 1.89403 1.89403
 0.0199839 0.208649 0.404965 1.02179 1.02179 1.02179
 0.00586707 0.204027 1.01228 1.57532 1.57532 1.57532
 0.0026415 0.091858 0.455752 0.709249 0.709249 0.709249
 0.00314085 0.109223 0.541908 0.843327 0.843327 0.843327
 0.00496098 0.172518 0.855944 1.33204 1.33204 1.33204
 0.00501533 0.174408 0.865322 1.34663 1.34663 1.34663
 0.00577234 0.200733 0.995933 1.54989 1.54989 1.54989
 0.00526648 0.183142 0.908655 1.41407 1.41407 1.41407
 0.00738717 0.256889 1.27455 1.98348 1.98348 1.98348
 0.0212792 0.182218 0.692671 1.1791 1.1791 1.1791
 0.0163922 0.140369 0.533591 0.908304 0.908304 0.908304
 0.0188624 0.161522 0.614001 1.04518 1.04518 1.04518
 0.0134555 0.115222 0.437998 0.745581 0.745581 0.745581
 0.0131088 0.112253 0.426712 0.726369 0.726369 0.726369
 0.00886827 0.0759406 0.288676 0.491398 0.491398 0.491398
 0.00665124 0.0569557 0.216508 0.36855 0.36855 0.36855
 0.00413993 0.035451 0.134761 0.229397 0.229397 0.229397
 0.00212228 0.0181734 0.0690834 0.117597 0.117597 0.117597
 0.00224989 0.0192662 0.0732373 0.124668 0.124668 0.124668
Discard F by age and year for each fleet
 fleet 1 Discard F at age
 0 0 0 0 0 0
 0 0 0 0 0 0
 0 0 0 0 0 0
 0 0 0 0 0 0
 0 0 0 0 0 0
 0 0 0 0 0 0
 0 0 0 0 0 0
 0 0 0 0 0 0
 0 0 0 0 0 0
 0 0 0 0 0 0
 0 0 0 0 0 0
 0 0 0 0 0 0
 0 0 0 0 0 0
 0 0 0 0 0 0
 0 0 0 0 0 0
 0 0 0 0 0 0
 0 0 0 0 0 0
 0 0 0 0 0 0
 0 0 0 0 0 0
 0 0 0 0 0 0
 0 0 0 0 0 0
 0 0 0 0 0 0
 0 0 0 0 0 0
 0 0 0 0 0 0
 0 0 0 0 0 0
 0 0 0 0 0 0
 0 0 0 0 0 0
 0 0 0 0 0 0
 0 0 0 0 0 0
 0 0 0 0 0 0
 0 0 0 0 0 0
 0 0 0 0 0 0
 0 0 0 0 0 0
 0 0 0 0 0 0
 0 0 0 0 0 0
 0 0 0 0 0 0
 0 0 0 0 0 0
 0 0 0 0 0 0
 0 0 0 0 0 0
Total F
 0.0810398 0.581474 0.597204 0.598049 0.598049 0.598049
 0.208642 1.49704 1.53754 1.53971 1.53971 1.53971
 0.153436 1.10093 1.13071 1.13231 1.13231 1.13231
 0.0670266 0.480927 0.493937 0.494636 0.494636 0.494636
 0.100397 0.720366 0.739855 0.740901 0.740901 0.740901
 0.0440908 0.570639 1.2171 1.36122 1.36122 1.36122
 0.041126 0.532267 1.13526 1.26969 1.26969 1.26969
 0.030523 0.395039 0.842569 0.942341 0.942341 0.942341
 0.0212591 0.275143 0.586844 0.656335 0.656335 0.656335
 0.0289603 0.374813 0.799429 0.894093 0.894093 0.894093
 0.0447979 0.579789 1.23662 1.38305 1.38305 1.38305
 0.0626071 0.810282 1.72823 1.93288 1.93288 1.93288
 0.059962 0.776049 1.65521 1.85121 1.85121 1.85121
 0.127181 1.01141 1.03143 1.03143 1.03143 1.03143
 0.12737 1.01291 1.03296 1.03296 1.03296 1.03296
 0.0444561 0.353538 0.360535 0.360536 0.360536 0.360536
 0.0307648 0.321211 0.623435 1.57302 1.57302 1.57302
 0.0524318 0.547433 1.06251 2.68086 2.68086 2.68086
 0.0458696 0.478919 0.929527 2.34533 2.34533 2.34533
 0.0370431 0.386762 0.750662 1.89403 1.89403 1.89403
 0.0199839 0.208649 0.404965 1.02179 1.02179 1.02179
 0.00586707 0.204027 1.01228 1.57532 1.57532 1.57532
 0.0026415 0.091858 0.455752 0.709249 0.709249 0.709249
 0.00314085 0.109223 0.541908 0.843327 0.843327 0.843327
 0.00496098 0.172518 0.855944 1.33204 1.33204 1.33204
 0.00501533 0.174408 0.865322 1.34663 1.34663 1.34663
 0.00577234 0.200733 0.995933 1.54989 1.54989 1.54989
 0.00526648 0.183142 0.908655 1.41407 1.41407 1.41407
 0.00738717 0.256889 1.27455 1.98348 1.98348 1.98348
 0.0212792 0.182218 0.692671 1.1791 1.1791 1.1791
 0.0163922 0.140369 0.533591 0.908304 0.908304 0.908304
 0.0188624 0.161522 0.614001 1.04518 1.04518 1.04518
 0.0134555 0.115222 0.437998 0.745581 0.745581 0.745581
 0.0131088 0.112253 0.426712 0.726369 0.726369 0.726369
 0.00886827 0.0759406 0.288676 0.491398 0.491398 0.491398
 0.00665124 0.0569557 0.216508 0.36855 0.36855 0.36855
 0.00413993 0.035451 0.134761 0.229397 0.229397 0.229397
 0.00212228 0.0181734 0.0690834 0.117597 0.117597 0.117597
 0.00224989 0.0192662 0.0732373 0.124668 0.124668 0.124668

Average F for ages 4 to 5
Freport unweighted in .std and MCMC files
year    unweighted   Nweighted    Bweighted
1973  0.598049  0.598049  0.598049
1974  1.53971  1.53971  1.53971
1975  1.13231  1.13231  1.13231
1976  0.494636  0.494636  0.494636
1977  0.740901  0.740901  0.740901
1978  1.36122  1.36122  1.36122
1979  1.26969  1.26969  1.26969
1980  0.942341  0.942341  0.942341
1981  0.656335  0.656335  0.656335
1982  0.894093  0.894093  0.894093
1983  1.38305  1.38305  1.38305
1984  1.93288  1.93288  1.93288
1985  1.85121  1.85121  1.85121
1986  1.03143  1.03143  1.03143
1987  1.03296  1.03296  1.03296
1988  0.360536  0.360536  0.360536
1989  1.57302  1.57302  1.57302
1990  2.68086  2.68086  2.68086
1991  2.34533  2.34533  2.34533
1992  1.89403  1.89403  1.89403
1993  1.02179  1.02179  1.02179
1994  1.57532  1.57532  1.57532
1995  0.709249  0.709249  0.709249
1996  0.843327  0.843327  0.843327
1997  1.33204  1.33204  1.33204
1998  1.34663  1.34663  1.34663
1999  1.54989  1.54989  1.54989
2000  1.41407  1.41407  1.41407
2001  1.98348  1.98348  1.98348
2002  1.1791  1.1791  1.1791
2003  0.908304  0.908304  0.908304
2004  1.04518  1.04518  1.04518
2005  0.745581  0.745581  0.745581
2006  0.726369  0.726369  0.726369
2007  0.491398  0.491398  0.491398
2008  0.36855  0.36855  0.36855
2009  0.229397  0.229397  0.229397
2010  0.117597  0.117597  0.117597
2011  0.124668  0.124668  0.124668

Population Numbers at the Start of the Year
 37081.1 23911.2 39929.6 19275.4 11064.1 11837.2
 15279.7 22807 9553.19 16344.9 8050.89 9875.87
 41661.9 8272.06 3647.44 1527.05 2662.33 3017.34
 20508.9 23834.9 1965.9 875.739 373.821 1436.03
 69927.5 12792.1 10529.9 892.272 405.626 871.463
 59367.8 42184.9 4448.05 3737.32 323.07 479.381
 51930.4 37889 17037.6 979.577 727.71 161.645
 73523.5 33240.8 15901.2 4072.13 209.021 194.295
 187026 47564.3 16002.4 5092.79 1205.42 123.156
 79171.7 122118 25814.6 6618.67 2006.7 534.782
 18421.4 51298.3 59989.9 8632.3 2056.08 808.919
 23738.9 11748.4 20529.6 12956 1644.54 560.241
 31345.1 14872.4 3733.82 2711.88 1424.31 248.612
 7394.64 19689.7 4891.3 530.582 323.494 204.149
 15338.8 4343.04 5117.6 1296.97 143.673 147.039
 158938 9007.09 1127.11 1354.9 350.661 81.1291
 43696.9 101399 4519.83 584.573 717.623 234.189
 10693.5 28261.8 52554.4 1802.26 92.0988 153.782
 3163.29 6768.01 11682.3 13508.8 93.7784 13.2451
 2749.1 2015.25 2996.03 3429.97 983.153 7.9632
 3816.23 1766.91 978.22 1051.93 392.005 115.469
 8490.69 2494.97 1024.89 485.301 287.607 142.221
 6954.13 5629.96 1453.9 277.012 76.2826 69.4334
 5755.74 4626.01 3670.2 685.573 103.525 56.1683
 13402 3826.91 2963.8 1587.78 224.063 53.6647
 7824.22 8894.55 2301.45 936.624 318.32 57.0236
 11563.4 5192.47 5338.96 720.52 185.055 75.871
 5733.2 7668.11 3035.8 1466.82 116.173 43.1919
 4668.12 3803.83 4562.76 910.12 270.91 30.2031
 1927.36 3090.61 2102.48 948.739 95.1162 32.154
 2053.15 1258.44 1840.71 782.272 221.636 30.495
 3002.76 1347.14 781.535 802.969 239.583 78.9401
 9813.15 1965.35 819.109 314.587 214.462 87.2468
 8168.2 6457.66 1251.63 393.161 113.372 111.625
 4079.63 5377.05 4124.79 607.584 144.438 85.2981
 7525.24 2696.99 3561.56 2298.69 282.335 109.821
 8211.3 4985.89 1820.63 2133.35 1207.79 211.483
 5046.46 5454.12 3438.93 1183.44 1288.26 876.775
 8024.17 3358.73 3827.44 2387.09 799.175 1505.31

Biomass Time Series
Year, TotJan1B, SSB, ExploitableB
1973  41810.6  22864  38314.5
1974  25314  9706.13  25128.3
1975  14101.2  3165.53  8193.72
1976  12356.7  3875.45  9878.93
1977  20848.2  4340.12  10693.5
1978  26472  5926.26  9668.58
1979  24578.3  7390.62  11645.6
1980  28577.3  8055.2  12224.2
1981  37985.2  10221.9  14178.1
1982  52221.1  18578.5  27263.7
1983  38622.9  17346.8  30218.2
1984  17591.9  5725.82  12917.5
1985  10669.4  2442.93  5000.81
1986  7575.9  2598.55  7838.56
1987  6710.69  1687.47  4106.48
1988  51595.6  2173.58  9274.47
1989  28046.4  9439.46  6054.61
1990  19557.1  10185.6  8406.7
1991  9298.7  4118.12  6841.74
1992  3091.25  1638.79  2736.76
1993  1762.96  934.184  1118
1994  1575.15  588.927  708.008
1995  1581.86  864.126  670.979
1996  2505.72  1581.86  1488.19
1997  3805.51  1467.33  1797.49
1998  3997.34  1683.42  1562.6
1999  4491.31  1996.9  2232.07
2000  4256.35  2002.17  2121.74
2001  3753.79  1660.12  2134.59
2002  2292.5  1251.62  1345.7
2003  1639.23  1019.71  1147.28
2004  1369.93  700.921  904.835
2005  1660.92  671.031  673.442
2006  2353.82  1098.26  883.936
2007  2869.46  1892.66  1559.1
2008  3655.11  2274.94  2283.21
2009  3856  2559.62  2580.66
2010  4205.65  3257.77  2992.12
2011  5251.36  3843.69  3799.03

q by index
 index 1 q over time
1973  0.600393
1974  0.600393
1975  0.600393
1976  0.600393
1977  0.600393
1978  0.600393
1979  0.600393
1980  0.600393
1981  0.600393
1982  0.600393
1983  0.600393
1984  0.600393
1985  0.600393
1986  0.600393
1987  0.600393
1988  0.600393
1989  0.600393
1990  0.600393
1991  0.600393
1992  0.600393
1993  0.600393
1994  0.600393
1995  0.600393
1996  0.600393
1997  0.600393
1998  0.600393
1999  0.600393
2000  0.600393
2001  0.600393
2002  0.600393
2003  0.600393
2004  0.600393
2005  0.600393
2006  0.600393
2007  0.600393
2008  0.600393
2009  0.600393
2010  0.600393
2011  0.600393
 index 2 q over time
1973  0.323757
1974  0.323757
1975  0.323757
1976  0.323757
1977  0.323757
1978  0.323757
1979  0.323757
1980  0.323757
1981  0.323757
1982  0.323757
1983  0.323757
1984  0.323757
1985  0.323757
1986  0.323757
1987  0.323757
1988  0.323757
1989  0.323757
1990  0.323757
1991  0.323757
1992  0.323757
1993  0.323757
1994  0.323757
1995  0.323757
1996  0.323757
1997  0.323757
1998  0.323757
1999  0.323757
2000  0.323757
2001  0.323757
2002  0.323757
2003  0.323757
2004  0.323757
2005  0.323757
2006  0.323757
2007  0.323757
2008  0.323757
2009  0.323757
2010  0.323757
2011  0.323757

Proportions of catch at age by fleet
 fleet 1
Year 1 Obs  =  0.00545691 0.144785 0.320763 0.216458 0.14188 0.170658
Year 1 Pred =  0.053847 0.205882 0.356771 0.173962 0.100671 0.108867
Year 2 Obs  =  0.0169397 0.555763 0.117739 0.158347 0.0792596 0.0719506
Year 2 Pred =  0.0483761 0.317701 0.136652 0.235706 0.116891 0.144674
Year 3 Obs  =  0.444401 0.220404 0.104175 0.0624274 0.0883052 0.0802875
Year 3 Pred =  0.299603 0.29553 0.134362 0.0567549 0.0996796 0.114071
Year 4 Obs  =  0.0209783 0.66913 0.128152 0.0355435 0.0488043 0.0973913
Year 4 Pred =  0.103992 0.743348 0.0637117 0.0286738 0.0123419 0.0479327
Year 5 Obs  =  0.309764 0.296172 0.304651 0.0316124 0.0173338 0.0404664
Year 5 Pred =  0.322832 0.333317 0.284201 0.0243172 0.0111426 0.0241905
Year 6 Obs  =  0.312325 0.525768 0.0862784 0.0586358 0.00985241 0.00714001
Year 6 Pred =  0.0886974 0.665741 0.11735 0.105314 0.009168 0.0137302
Year 7 Obs  =  0.00653549 0.632045 0.304111 0.0373155 0.01539 0.00460295
Year 7 Pred =  0.064529 0.504841 0.385178 0.0237223 0.0177495 0.00397999
Year 8 Obs  =  0.0423678 0.445853 0.303951 0.176525 0.0236043 0.00769905
Year 8 Pred =  0.0843262 0.431768 0.370733 0.102857 0.00532006 0.0049952
Year 9 Obs  =  0.00184512 0.359635 0.409508 0.158789 0.060292 0.00993108
Year 9 Pred =  0.147052 0.444804 0.283344 0.0987935 0.0235728 0.00243409
Year 10 Obs  =  0.00311582 0.669013 0.28135 0.0366404 0.00818395 0.00169595
Year 10 Pred =  0.0357699 0.629979 0.241131 0.0670998 0.0205012 0.00551921
Year 11 Obs  =  0.0355781 0.277899 0.624782 0.0532119 0.00569072 0.00283797
Year 11 Pred =  0.0100886 0.295702 0.57608 0.0884805 0.0212227 0.00842692
Year 12 Obs  =  0.0132301 0.165658 0.560028 0.2286 0.024715 0.00776918
Year 12 Pred =  0.0350259 0.167155 0.448839 0.297865 0.0380466 0.0130686
Year 13 Obs  =  0.132837 0.507877 0.142054 0.128653 0.0724979 0.0160816
Year 13 Pred =  0.10325 0.47846 0.186656 0.142842 0.0755019 0.0132899
Year 14 Obs  =  0.0290806 0.662706 0.229467 0.0438627 0.0245907 0.0102922
Year 14 Pred =  0.0483824 0.725683 0.185286 0.0202656 0.0124489 0.00793413
Year 15 Obs  =  0.175854 0.39439 0.288537 0.112927 0.0203659 0.00792683
Year 15 Pred =  0.194929 0.310741 0.376336 0.0961669 0.0107332 0.0110936
Year 16 Obs  =  0.621881 0.236617 0.0627855 0.0592714 0.0156964 0.00374839
Year 16 Pred =  0.649106 0.2624 0.0339803 0.0412324 0.0107626 0.0025181
Year 17 Obs  =  0.000990723 0.834009 0.142484 0.0202198 0.00216158 0.000135099
Year 17 Pred =  0.0390397 0.855255 0.0660157 0.0150178 0.0185606 0.00611105
Year 18 Obs  =  0.00388127 0.0424697 0.903484 0.048056 0.00199672 0.000112176
Year 18 Pred =  0.010458 0.238786 0.709779 0.0360148 0.00185038 0.00311169
Year 19 Obs  =  0.0244617 0.0899774 0.298054 0.57427 0.0101263 0.00311108
Year 19 Pred =  0.00587117 0.111432 0.314638 0.563563 0.00393491 0.000559999
Year 20 Obs  =  0.063631 0.198457 0.295016 0.396618 0.0436072 0.00266983
Year 20 Pred =  0.0150863 0.101714 0.255564 0.486234 0.140256 0.00114552
Year 21 Obs  =  0.00684541 0.248716 0.253851 0.40559 0.0827153 0.0022818
Year 21 Pred =  0.0406926 0.186182 0.186517 0.394448 0.148101 0.0440585
Year 22 Obs  =  0.08353 0.279849 0.254365 0.192072 0.14488 0.0453044
Year 22 Pred =  0.0244248 0.235173 0.34599 0.208209 0.124227 0.0619768
Year 23 Obs  =  0.00102564 0.347692 0.281026 0.28 0.0584615 0.0317949
Year 23 Pred =  0.013799 0.384852 0.426062 0.114349 0.0317414 0.0291964
Year 24 Obs  =  0.00207792 0.255065 0.587532 0.123636 0.0161039 0.0155844
Year 24 Pred =  0.00674876 0.185402 0.612335 0.158234 0.0240807 0.0131997
Year 25 Obs  =  0.00606277 0.0649073 0.542439 0.328103 0.0410128 0.017475
Year 25 Pred =  0.0164476 0.156056 0.454209 0.317293 0.0450933 0.0109012
Year 26 Obs  =  0.00171233 0.421918 0.399315 0.144863 0.0267123 0.00547945
Year 26 Pred =  0.0097507 0.368004 0.356804 0.189041 0.064702 0.0116988
Year 27 Obs  =  0.0212177 0.133149 0.655597 0.148216 0.0289053 0.0129151
Year 27 Pred =  0.0120377 0.177378 0.656445 0.112877 0.0291879 0.012074
Year 28 Obs  =  0.00556242 0.36063 0.440667 0.172435 0.0176143 0.00309023
Year 28 Pred =  0.0064587 0.285684 0.418128 0.261094 0.0208232 0.00781303
Year 29 Obs  =  0 0.155885 0.614074 0.17261 0.0438624 0.0135689
Year 29 Pred =  0.00607369 0.158443 0.630382 0.153843 0.0460789 0.00517935
Year 30 Obs  =  0.00341797 0.187988 0.563477 0.228027 0.0166016 0.000488281
Year 30 Pred =  0.0161523 0.212595 0.44742 0.2852 0.028802 0.00983035
Year 31 Obs  =  0.00210084 0.163866 0.511905 0.289216 0.0238095 0.00910364
Year 31 Pred =  0.0197939 0.101281 0.481063 0.30023 0.0857182 0.0119139
Year 32 Obs  =  0.204641 0.122363 0.244023 0.214487 0.14346 0.0710267
Year 32 Pred =  0.0389509 0.144635 0.265822 0.3931 0.118171 0.0393213
Year 33 Obs  =  0.0431849 0.249663 0.25641 0.226721 0.157895 0.0661269
Year 33 Pred =  0.129395 0.218566 0.304821 0.176286 0.121135 0.0497965
Year 34 Obs  =  0.0509491 0.353646 0.303696 0.158841 0.0609391 0.0719281
Year 34 Pred =  0.0654516 0.436948 0.284413 0.134941 0.0392224 0.0390243
Year 35 Obs  =  0.00721154 0.223558 0.563301 0.141026 0.0360577 0.0288462
Year 35 Pred =  0.0190612 0.215327 0.580076 0.134172 0.0321622 0.0192024
Year 36 Obs  =  0.0234926 0.0524667 0.358653 0.518403 0.0399374 0.00704777
Year 36 Pred =  0.0272808 0.0844578 0.40117 0.415395 0.0514562 0.0202403
Year 37 Obs  =  0.0152174 0.182609 0.167391 0.345652 0.273913 0.0152174
Year 37 Pred =  0.0274164 0.145087 0.195896 0.377693 0.215702 0.0382052
Year 38 Obs  =  0.00525394 0.117338 0.32049 0.183888 0.276708 0.0963222
Year 38 Pred =  0.0141932 0.134656 0.321094 0.185686 0.203939 0.140432
Year 39 Obs  =  0.0211082 0.085752 0.269129 0.261214 0.207124 0.155673
Year 39 Pred =  0.018777 0.068962 0.296776 0.310618 0.10492 0.199948

Proportions of Discards at age by fleet
 fleet 1
Year 1 Obs  =  0 0 0 0 0 0
Year 1 Pred =  1e-015 1e-015 1e-015 1e-015 1e-015 1e-015
Year 2 Obs  =  0 0 0 0 0 0
Year 2 Pred =  1e-015 1e-015 1e-015 1e-015 1e-015 1e-015
Year 3 Obs  =  0 0 0 0 0 0
